inst/extdata/envar/asc/bio1.asc
ncols         480
nrows         353
xllcorner     -1644588.35
yllcorner     1550510.45
cellsize      10000
NODATA_value  -9999
[rows 58 to 86 of 353, columns 66 to 131 of 480]
8.727382 9.003504 9.207839 8.906198 8.70907 8.772893 8.675478 8.553525 8.419757 8.334603 8.096405 7.826527 7.332741 7.096253 6.841984 6.3355 6.176298 5.812511 5.66727 5.37418 4.865302 4.62112 3.930529 3.282855 2.724689 3.205306 3.28959 3.293085 3.810906 4.055129 4.166906 3.657691 4.212865 3.552076 3.157538 4.171168 5.040976 5.689201 5.578845 6.016757 6.551066 6.789011 6.719919 6.868925 7.066276 7.458787 7.57326 7.493202 7.593432 7.554963 7.553409 7.944579 8.084923 8.316152 8.310019 8.432816 8.422112 8.38128 8.444739 8.600997 8.653321 8.800102 8.844643 8.963637 9.019974 8.986789
8.429508 8.66137 8.991207 8.697936 8.792138 8.794315 8.789886 8.587694 8.397222 8.154202 7.956868 7.582736 7.162177 7.035415 6.646168 6.169626 5.969372 5.845492 5.676787 5.374902 4.995091 4.669736 4.654582 4.509779 4.227442 4.203417 3.977205 3.849312 3.958364 3.738698 3.990046 4.23233 4.473566 4.767832 4.999751 5.034887 5.330172 5.524773 5.928372 6.413509 6.807185 6.886275 6.791484 6.989429 7.513768 7.590297 7.595715 7.58813 7.646271 7.49924 7.240949 7.490072 8.166076 8.274251 8.231677 8.411851 8.44136 8.449265 8.462939 8.648919 8.752904 8.811523 8.821487 8.988146 8.886765 9.086766
9.019535 8.906544 8.171729 8.125701 8.24255 8.549475 8.842938 8.999482 8.79295 8.341695 7.862305 7.202253 6.83709 6.560725 5.770337 5.658207 5.472546 5.426892 5.579766 5.372302 5.04683 5.086312 5.305213 5.171937 5.035073 5.087218 4.85316 4.606846 4.210527 3.995148 4.08399 4.549118 4.740033 5.288523 5.380896 5.67481 5.949308 6.180047 6.735781 6.798968 6.828864 7.027642 7.502621 7.518211 7.507175 7.542799 7.536336 7.609085 7.672689 7.661088 7.349863 7.385049 7.876473 7.946316 8.240424 8.313934 8.456925 8.529048 8.541197 8.619683 8.736204 8.815423 8.918292 8.878786 8.896146 9.1723
8.96879 7.855195 7.447647 7.422095 7.274923 7.995516 8.386206 9.052679 9.130719 8.456284 7.448078 6.293541 5.945388 5.882927 5.543176 5.633758 5.858008 6.089179 5.908293 6.248017 5.910686 5.87861 5.856494 5.777457 5.596834 5.493226 5.43995 5.234559 4.824402 4.425992 4.068852 4.670046 5.064394 5.335963 5.537295 5.798573 6.020321 6.417557 6.627937 6.817439 7.085668 7.337311 7.402018 7.35523 7.549648 7.42414 7.541333 7.399222 7.442965 7.401625 7.087569 7.177366 7.592359 7.898607 8.21802 8.371176 8.477329 8.455914 8.642288 8.649518 8.774221 8.88519 8.967111 8.94759 9.004823 9.128219
9.041978 8.412383 8.068272 7.657255 7.645334 7.841002 8.233135 8.683746 8.846987 7.973585 6.984756 6.636789 6.431835 6.368658 6.259073 6.181651 6.577003 6.684979 6.813656 7.05535 6.885183 6.686676 6.502652 6.384924 6.191744 6.076985 5.961645 5.090681 5.203054 5.529577 5.077284 5.185436 5.205876 5.449598 5.787046 6.185862 6.382643 6.562845 6.775207 6.975054 7.13259 7.364563 7.422111 7.466166 7.180374 7.169238 7.30344 7.255847 7.218566 7.293089 7.154435 7.0278 7.382862 7.912876 8.163211 8.385005 8.554668 8.537533 8.615047 8.777531 8.862377 8.94294 8.875796 8.99503 9.075594 9.156707
9.088837 8.895873 8.805502 8.310976 7.9337 7.293651 7.437827 7.988787 7.902145 7.741861 7.453446 7.367493 7.281696 7.34972 7.370224 7.58065 7.683405 7.54447 7.502244 7.542399 7.377 7.055195 7.011255 6.808973 6.617177 6.624369 6.4018 6.367887 6.104555 5.926341 5.719299 5.463433 5.417716 5.623556 5.724051 6.473268 6.775898 7.031754 7.085158 7.428159 7.381238 7.482791 7.340512 7.350603 7.43321 7.30784 7.285526 7.170416 7.14363 6.846898 7.015267 7.361404 7.630882 7.72626 7.658376 8.16361 8.339146 8.547437 8.638923 8.752447 8.896253 8.910506 8.929173 9.004394 9.15113 9.40027
9.816888 9.61194 9.398959 8.850915 8.34698 7.920596 7.55854 7.916073 8.34211 8.502615 8.146313 7.856909 8.087218 8.139273 8.341771 8.397881 8.359965 8.336421 8.069137 7.927217 7.850605 7.559779 7.341323 7.140954 6.961518 6.948063 6.962892 6.831446 6.45778 6.251916 6.064575 5.974988 5.711408 5.891289 6.170519 6.488269 6.79895 7.13997 6.94461 6.981006 7.267528 6.932223 7.629122 7.611763 7.689548 7.363198 7.111403 6.864682 6.917901 6.801232 7.139304 7.516769 7.772154 7.749575 7.715122 7.679474 7.790525 8.064481 8.593359 8.959085 8.960333 8.978792 9.028373 9.163597 9.23259 9.426462
10.42724 10.23606 9.900701 9.379425 8.34487 8.390535 8.561883 8.842567 9.20224 9.145841 8.961504 8.926785 8.857157 8.964844 9.140078 9.139026 9.077659 8.947291 8.73059 8.450072 8.364143 8.046633 7.8321 7.577695 7.419223 7.341941 7.29769 7.092159 6.8681 6.739577 6.476144 6.101247 6.020193 6.022502 6.223273 6.439542 6.704784 6.804911 6.930161 6.916637 7.120998 6.972345 7.545411 7.657445 7.377049 7.263568 7.277295 7.305199 7.148071 6.806651 7.1744 7.476509 7.869887 8.038326 8.076457 8.006693 8.163118 8.349381 8.486744 8.865617 8.947093 9.024937 9.104331 9.219275 9.367527 9.460544
10.80193 10.36909 10.05262 9.609084 9.313975 9.181611 9.272892 9.529189 9.709415 9.755033 9.730997 9.723166 9.625596 9.667614 9.633866 9.635281 9.525849 9.293918 9.170448 9.029202 8.825835 8.513127 8.288657 8.038382 7.830291 7.806851 7.579572 7.443041 7.304289 7.071255 6.904946 6.58466 6.309932 6.090157 6.228776 6.246477 6.57836 6.832811 6.953525 6.995141 7.068733 7.301403 7.221602 7.174239 7.088306 7.393991 7.2073 7.210253 7.244472 6.727322 7.109625 7.563979 7.894748 7.927485 8.065598 8.49278 8.63899 8.612403 8.667355 8.845106 8.938108 9.093475 9.123485 9.236893 9.318645 9.471395
10.70878 10.58069 10.32231 10.12289 10.05244 9.916708 9.670359 9.947132 10.08413 10.00782 10.09731 10.03245 9.961635 9.788265 9.850503 9.655682 9.603148 9.394143 9.32649 9.341473 9.075718 8.924439 8.691433 8.43141 8.246133 8.126835 7.900201 7.78507 7.522146 7.296922 7.200829 7.197298 6.912186 6.858274 6.747233 6.602209 6.664834 6.857299 7.079628 7.076622 7.029742 6.995316 7.027107 6.962053 6.954246 7.057202 7.062232 7.124071 6.854558 6.394028 6.804049 7.281072 7.566455 7.782031 8.038409 8.63544 8.724376 8.716845 8.681777 8.834065 8.849717 9.116993 9.198149 9.267499 9.379383 9.401155
10.72813 10.60033 10.37214 10.22806 9.982721 9.912966 9.848832 9.806799 9.883959 9.966592 9.957795 9.930803 9.751293 9.89638 9.759935 9.761611 9.52705 9.185902 9.011851 9.109289 8.973452 8.856147 8.782462 8.651827 8.436084 8.273976 7.578913 7.862347 7.607784 7.504111 7.481176 7.381114 7.238256 7.3019 7.170685 7.231139 7.319135 7.492324 7.562449 7.523966 7.380339 7.280886 7.069495 6.922776 6.964977 7.045416 6.588079 6.658521 6.520723 6.693263 7.086658 7.493926 7.641924 7.903176 8.438621 8.744339 8.768667 8.6375 8.67597 8.742741 8.954893 9.093686 9.216527 9.268743 9.3929 9.422593
10.83081 10.52937 10.24145 10.10216 10.0591 9.933213 9.757556 9.65186 9.59759 9.710831 9.829547 10.00026 9.781825 10.11269 9.964753 9.948055 9.831528 9.42921 8.910172 8.972327 8.959863 8.898131 8.978303 8.35907 8.14159 8.138656 8.033316 7.950457 7.786833 7.543873 7.439278 7.519144 7.353305 7.369236 7.369772 7.596984 7.709795 7.834018 7.805972 7.723261 7.725909 7.502879 7.369162 7.404016 7.148554 7.093598 6.681641 6.313416 6.502751 7.019814 7.203862 7.486457 7.875252 8.174864 8.503901 8.620601 8.613288 8.62411 8.634696 8.744177 8.870437 9.101601 9.247265 9.412017 9.363139 9.175508
10.54852 10.2727 10.1395 9.945962 9.981089 9.814067 9.756965 9.577017 9.555996 9.616989 9.728452 9.873796 9.533216 10.1297 10.24766 10.04581 9.899598 9.545503 9.292436 8.754872 8.979438 8.820041 8.767415 8.588786 8.364376 8.271572 7.731639 7.538972 7.388489 7.321155 7.375712 7.399932 7.363972 7.494114 7.604702 7.699359 7.599555 7.859079 7.883617 7.66283 7.681656 7.827571 7.697423 7.44494 7.325608 7.52882 7.20774 7.059744 7.227616 7.23702 7.293564 7.545199 7.889352 8.160564 8.43515 8.499719 8.525039 8.611304 8.686077 8.755078 8.880502 9.066776 9.256305 9.458382 9.192293 9.145482
10.11466 9.96307 9.962667 9.853889 9.847266 9.819678 9.667263 9.611781 9.413058 9.471912 9.656876 9.558175 9.402102 9.809207 10.08864 9.448362 9.416132 8.858667 8.808179 9.003429 8.67732 8.339313 8.410977 8.534738 8.365287 8.09356 7.676914 7.327009 7.10342 7.111948 7.140821 7.411127 7.318877 7.515501 7.643473 7.658896 7.602105 7.819333 7.802371 7.846851 8.013521 7.862039 7.874253 7.927685 7.68999 7.797317 7.791732 7.594592 7.544837 7.59889 7.633054 7.885574 8.041357 8.317948 8.305834 8.536143 8.462831 8.543422 8.743552 9.076728 9.211415 9.324868 9.380403 9.483228 9.565228 9.526366
9.785686 9.719958 10.04007 9.925363 9.715759 9.874042 9.597466 9.429311 9.15741 9.166402 9.524764 9.382054 9.520536 9.46989 9.42567 8.447132 8.369997 8.215753 8.127157 8.317399 8.316208 7.919103 7.875878 8.183762 8.241496 7.962628 7.560199 7.099465 6.847375 6.802477 6.900473 7.262383 7.379167 7.313278 7.509063 7.529651 7.586824 7.564708 7.803392 7.812574 7.975925 7.900424 7.809298 7.819558 7.998724 7.913718 8.055632 8.00338 7.988386 7.959374 7.941726 8.032783 8.170167 8.055912 8.44222 8.523457 8.545667 8.586999 8.997367 9.083377 9.002852 9.052112 9.176322 9.234475 9.284195 9.43373
9.370594 9.506247 8.939488 9.102865 9.414978 9.780453 9.448854 9.061982 8.862256 8.979306 8.641686 8.238612 8.430909 7.892034 7.584001 7.952542 7.735242 7.719124 7.771284 7.767337 7.699106 7.201521 6.712865 7.11046 7.653017 7.292094 6.93927 6.755975 6.57767 6.3904 6.758401 7.103894 7.142441 7.21619 7.202205 7.357896 7.465824 7.57159 7.680246 7.673592 7.681793 7.698242 7.612051 7.674195 7.745427 7.820204 7.85582 7.949111 7.960884 7.96147 8.036808 8.020777 7.870892 8.214582 8.338799 8.496681 8.786325 8.913723 8.915622 8.793288 8.820084 8.940027 9.108098 9.122086 9.151835 9.206151
7.324739 7.531426 7.308306 8.141008 7.923337 8.804529 9.292804 8.953072 8.587137 8.37017 7.877791 7.41643 7.569314 7.699999 7.144546 7.129605 6.870361 6.702043 6.739034 6.886178 6.750388 6.362225 6.438038 6.622105 6.66682 6.376158 5.986536 5.802568 6.100067 6.246943 6.301503 6.48213 6.450445 6.880889 7.073168 6.754854 7.027042 7.39724 7.471591 7.595867 7.664683 7.73258 7.645635 7.595912 7.718565 7.797236 7.637228 7.586579 7.628262 7.862368 8.017249 7.82148 7.96377 8.094259 8.226749 8.171921 8.760116 8.825024 8.768144 8.788975 8.837829 8.909849 9.113382 9.136178 9.172969 9.178954
7.59709 7.771131 7.574817 7.819669 7.431906 7.888119 8.931365 8.647435 8.587204 8.176401 7.771345 7.576767 7.229049 7.009309 6.472664 6.098594 5.609241 5.219398 5.549905 5.188082 5.126271 5.016313 5.628401 5.062734 4.588588 4.739413 3.292607 2.80126 3.750933 4.05984 3.6803 5.178532 6.299132 6.678584 6.774103 6.408052 6.279015 7.000153 7.352317 7.583269 7.655581 7.500379 7.497262 7.656404 7.604454 7.728605 7.426797 7.449308 7.652883 7.804587 7.751151 7.703729 7.937477 8.131462 8.202044 8.212648 8.148913 8.438075 8.662199 8.728329 8.752604 8.912317 8.962447 9.034225 9.153956 9.391551
6.524263 6.693958 6.942988 7.173811 7.356967 7.838936 8.184123 7.948879 7.917304 7.880756 7.607873 7.350971 6.868056 6.079431 5.2789 4.588434 4.064958 3.142252 1.661973 0.6504367 0.8074998 3.829329 5.097977 4.031456 0.9716104 2.506444 2.521853 3.495287 4.158043 5.219839 4.710312 3.350531 6.004104 5.838176 6.15999 6.029758 5.945895 6.263205 6.252032 3.719355 5.168788 7.024075 7.404723 7.566558 7.542433 7.432099 7.547428 7.255325 7.569079 7.675888 7.60566 7.796122 8.051699 8.009488 7.641292 7.579948 7.439616 7.887448 8.131938 8.525385 8.666722 8.797904 8.867121 8.975547 9.121872 9.272596
4.69784 4.85017 5.676125 5.82089 6.166577 6.994017 7.443746 7.602002 7.666831 7.424256 7.141583 6.943064 6.424144 5.059273 3.601449 2.498183 1.592723 1.009505 0.10388 -0.04917469 2.138507 3.607774 4.33992 4.180461 3.376072 1.641345 2.461352 3.505163 4.078031 4.775937 4.419591 1.847267 1.199807 4.099092 3.822694 4.528089 4.933655 5.210212 5.58009 5.774656 5.550924 7.073267 7.370555 7.338384 7.266153 7.22289 7.024253 7.153814 7.122255 7.250346 7.501714 7.704864 7.645886 7.620028 7.147103 7.002829 7.294787 7.542211 7.880726 8.019006 8.176208 8.681456 8.819066 8.87732 8.933597 8.886244
2.883725 1.78695 3.39922 3.833451 4.610209 5.867619 6.429187 6.329723 6.330665 5.885429 5.320342 5.451938 6.041387 4.872577 0.8638812 -2.294275 -3.287184 -1.820857 -1.501894 -1.21701 0.6531364 2.265735 2.924445 2.471882 1.210716 0.08124472 0.6786906 1.602658 2.247826 2.328464 4.32272 2.097039 -0.09798363 -0.5344396 0.8997254 2.731105 3.477459 4.013333 5.185635 5.672816 5.892479 6.670734 7.00934 7.202121 6.774173 6.643327 6.372681 6.673016 6.784126 6.762337 6.653325 7.036866 6.878439 6.999134 7.099571 7.271552 7.206447 7.395412 7.562542 7.910796 8.259585 8.84583 8.963881 9.154368 8.838769 9.124161
-1.139973 -3.689218 -3.568082 0.2093011 1.908616 2.726213 3.681197 3.848013 2.820075 2.404922 2.478537 3.118393 4.801169 3.532553 -0.01071003 -2.099326 -0.8640102 -1.162219 -2.358824 -5.220945 -2.269569 -0.3125826 -0.8194432 -1.113459 -5.916866 -5.085995 -1.783307 -0.8825655 0.09152271 -0.6878187 3.51047 -2.080422 -0.6167101 -0.8262162 -3.210654 -0.9775606 1.796773 2.621956 3.724654 5.051611 5.358452 5.537791 6.544361 6.925718 6.532343 6.144958 6.367482 6.294401 6.36519 6.388123 6.479065 6.748414 6.994773 6.557071 7.018692 7.29874 7.235999 7.513045 7.761222 7.91601 8.064259 8.279766 8.454419 8.650965 8.775452 9.026685
-4.513588 -8.325977 -8.309075 -6.760416 -3.56103 -3.869402 -0.9538159 -2.145766 -0.2925216 -2.79856 -3.334618 -2.712459 0.105768 1.697091 2.099118 2.411592 0.772313 -0.5967773 -0.5683523 -1.32098 -2.400502 -2.132966 -2.552516 -3.914394 -3.768691 -8.162601 -7.317151 -5.030523 -2.150916 0.653614 2.82067 -1.781082 -2.795448 -2.694489 -1.609609 -0.6069326 0.1929193 -3.168115 -1.70338 3.673235 3.870863 4.958789 5.624067 6.084721 6.204814 5.847961 6.077844 6.038291 6.103469 5.978178 6.524437 6.503352 6.549476 6.895172 6.797914 6.247821 6.491148 7.194995 7.765335 7.803662 7.841217 7.991597 8.059512 8.110818 8.346007 8.683045
-4.913699 -6.43456 -6.439639 -6.031171 -4.569604 -2.411403 0.006747003 0.1300344 -1.058959 -3.3101 -4.409983 -2.247921 -2.354402 -2.134478 -3.007944 -2.97244 0.2795718 -2.097965 -2.933316 -1.764408 -1.395968 -4.08537 -2.337709 -3.02445 -3.040671 -4.175483 -7.292943 -8.492898 -6.642451 -2.5144 2.471994 2.396686 1.261811 -3.074957 -3.11468 -3.056832 -1.495438 -2.551015 0.1371313 -0.1710509 -1.212577 2.260711 4.210908 5.320561 5.684649 5.360972 5.834692 5.501555 5.856927 5.893602 6.14888 6.234149 6.723379 6.50952 6.578313 6.506111 6.233335 6.502486 7.328249 7.392657 7.458083 7.37501 7.56935 7.61408 8.006804 8.380421
-1.866824 -2.715268 -4.875669 -3.648905 -1.619845 0.6846901 1.858341 1.718556 0.9123549 -1.256052 -2.323714 -3.508454 -5.195885 -4.942602 -3.248008 -9.232088 -4.021242 -0.0716517 0.01897132 -1.345932 -0.7455935 -5.130961 -4.39635 -3.997861 -3.964134 -3.23715 -4.418672 -6.783936 -6.330165 -3.569591 1.362651 -0.476055 -3.341393 -4.376645 -4.574768 -6.283916 -4.916699 -6.921523 -3.4248 0.7242239 -5.476056 0.5648674 1.919816 3.326563 4.838179 4.951917 5.276181 5.433754 5.469845 5.559516 5.712097 6.071767 6.42408 6.230278 6.664262 6.639125 6.648272 6.986821 7.127651 7.228652 7.088886 6.981174 7.11021 7.374864 7.58766 7.777349
0.8048487 -1.132146 -1.849095 -2.378526 -0.7741468 1.55016 2.253205 2.292337 2.083207 1.3241 0.5007086 -0.8683142 -2.061208 -2.936975 -3.427294 -5.417703 -6.533755 -6.524065 -0.368738 0.6562918 0.03873191 -3.62914 -4.768954 -5.603251 -6.452538 -4.467376 -3.591779 -4.541275 -3.027308 -2.777277 0.4887762 -2.681801 -3.651191 -4.378421 -3.921988 -7.120776 -2.941147 -1.23112 0.1937767 -2.001801 -4.987483 -6.632131 -2.168711 -2.234038 -0.8473687 1.928451 3.782892 4.595641 4.630989 5.178458 5.495337 5.478948 5.974683 5.740378 6.209226 6.694618 7.158926 7.351297 7.460433 7.39992 7.335164 6.920389 7.10221 6.996439 6.980164 7.30636
1.669639 1.755958 1.609039 1.505191 1.866397 2.315138 2.171851 2.048584 2.275995 2.058326 1.43114 0.6099468 -0.128805 -0.8985153 -1.625874 -2.590213 -5.460409 -8.806603 -2.400317 0.2786999 0.4817828 -0.285131 -1.620291 -1.942758 -3.612042 -5.427961 -3.715879 -3.936956 -5.316226 -0.5747015 0.2684637 -6.952741 -6.243402 -4.186161 -3.121554 -3.08237 -4.312919 -3.673233 0.05661231 -4.334457 -8.088471 -3.192177 -2.088105 -7.76706 -5.899124 -0.835017 -0.5952209 1.65999 3.60697 3.836769 4.764564 5.361411 5.603256 5.963378 6.033863 6.67992 6.907489 7.205173 7.49145 7.486288 7.273596 6.885444 6.86423 7.049316 7.213518 7.304428
2.47356 0.4270203 1.646969 1.524715 1.809069 2.170584 1.989768 2.243841 2.286942 1.996652 1.584274 1.009942 0.5237091 -0.0474039 -0.7047707 -1.550673 -2.836896 -5.855978 -8.721555 -2.077087 0.3717125 0.667562 0.06528469 -1.14948 -1.555515 -2.923222 -4.384486 -4.524625 -5.155494 -3.229033 0.7548009 0.5741031 -2.421416 -3.92282 -4.612882 -2.369444 -1.264834 -4.638068 -0.363878 -0.535338 -2.829189 -7.474463 -2.188307 -7.695645 -3.006172 -3.68572 -4.424021 -3.22769 0.2326173 2.334702 3.580029 3.996543 4.096221 4.407325 5.952189 6.376659 6.670428 7.129215 7.551225 7.341949 6.80425 6.55954 6.60681 6.937778 7.310049 7.323159
2.419899 1.186031 0.0365226 -0.5738768 1.650111 2.1116 2.064396 1.958953 2.018092 1.856832 1.583874 1.280871 0.9785768 0.5910059 0.09631553 -0.2851259 -1.10066 -3.308967 -5.823875 -3.03511 -0.7165853 0.0163986 0.4342909 -0.8634371 -0.4987307 -1.169565 -4.248993 -4.958061 -4.424962 -2.147189 -1.524626 -0.25607 -0.3419135 -0.7522823 -1.461675 -5.211205 -2.850269 -1.216772 -0.6833116 -4.756295 -3.038557 -2.557434 -3.452375 -5.893437 -4.988194 -4.49067 -3.923558 -2.46646 -1.32919 0.05784575 1.43674 2.226542 2.620486 1.109482 0.8574511 5.704957 6.615265 6.894283 7.483003 6.719982 7.102957 6.58244 5.971278 5.894087 5.951725 7.184991
