inst/extdata/envar/asc/bio1.asc
ncols         480
nrows         353
xllcorner     -1644588.35
yllcorner     1550510.45
cellsize      10000
NODATA_value  -9999
[rows 116 to 144 of 353, columns 0 to 65 of 480]
-8.025056 -7.430484 -7.167807 -6.104283 -6.130142 -6.21334 -4.871799 -4.980287 -5.84757 -6.41235 -6.487319 -7.643823 -7.301897 -6.385798 -5.978913 -5.5646 -5.604856 -5.655541 -6.288414 -6.365115 -6.33906 -6.511523 -6.622917 -6.83946 -8.041941 -7.659666 -7.568761 -8.351678 -9.161789 -9.352876 -8.271439 -8.438466 -6.892076 -6.881514 -7.020154 -7.387831 -8.220122 -10.64318 -10.9789 -8.210417 -8.692812 -8.83031 -7.516743 -8.433265 -11.20119 -9.857976 -8.032891 -5.760917 -4.723586 -4.869722 -6.560267 -3.469763 -6.329529 -5.736077 -6.414063 -6.456018 -6.207056 -5.876282 -5.277905 -4.347846 -4.128271 -6.025741 -4.934275 -5.479414 -8.281659 -6.885173
-5.677958 -5.46079 -5.187043 -5.396442 -5.277667 -4.771557 -5.037117 -5.161936 -4.931047 -5.758546 -6.351842 -7.752922 -7.819185 -7.143815 -6.798397 -5.810707 -5.552495 -5.805166 -6.00262 -5.979924 -6.889252 -7.606122 -7.180742 -6.185415 -6.304394 -6.794818 -7.81841 -11.76212 -9.743531 -10.58713 -8.058068 -7.788672 -7.541198 -7.290482 -7.916025 -7.508837 -8.106903 -7.317358 -7.455688 -7.800967 -8.471309 -7.671831 -7.929011 -7.485544 -8.911854 -7.8926 -7.923994 -7.926114 -10.91911 -8.125283 -5.021882 -3.428768 -5.409172 -7.501839 -7.034121 -7.540453 -7.474461 -7.354874 -7.400018 -6.951236 -4.656172 -4.53418 -4.287924 -3.644673 -5.958284 -6.371183
-4.763873 -5.151115 -5.182056 -5.317352 -5.405952 -5.720621 -5.6903 -5.804052 -5.49278 -5.544192 -5.744823 -5.831688 -6.064109 -5.988407 -6.140834 -5.585487 -6.342889 -7.468451 -7.226359 -5.858233 -5.797206 -5.947495 -5.561902 -5.618036 -5.815826 -6.073987 -6.835661 -9.06444 -8.326921 -8.115149 -7.46408 -6.981149 -6.807248 -7.289065 -7.646384 -7.375448 -6.922923 -7.132107 -7.277789 -6.963278 -7.413636 -7.274983 -7.497965 -7.169641 -7.4358 -7.548875 -6.94179 -6.933871 -7.213221 -6.963363 -7.188353 -5.317939 -4.178038 -5.252648 -5.471617 -4.454666 -5.592704 -9.470836 -9.818859 -7.613309 -5.709576 -4.561094 -3.507324 -3.546213 -3.598234 -3.929079
-4.924258 -5.039255 -5.029106 -5.185789 -5.041429 -5.015559 -6.504268 -6.871675 -6.333911 -5.726589 -5.822112 -5.995143 -6.059119 -6.063269 -5.962532 -6.327881 -6.142836 -8.27966 -9.258639 -7.039091 -5.863244 -5.674817 -5.448787 -5.631156 -5.784652 -5.856732 -6.996349 -7.59677 -6.568485 -6.767159 -6.597969 -6.719639 -6.861841 -6.838141 -7.473703 -7.245604 -9.175852 -8.687741 -7.552233 -7.703138 -7.032094 -7.116802 -7.086631 -7.389642 -8.963258 -7.109126 -7.00367 -7.417138 -7.00725 -6.540389 -6.176669 -6.153721 -5.691745 -6.020941 -6.245431 -5.96574 -4.236309 -4.578632 -5.662556 -6.632028 -7.268028 -9.049414 -8.319037 -7.574189 -5.448613 -3.747289
-5.113948 -5.898899 -5.455308 -5.109492 -5.79032 -5.848237 -5.608222 -5.435827 -5.551009 -4.786412 -4.989727 -6.111337 -5.452641 -5.881859 -7.282588 -6.949418 -6.581075 -7.85109 -7.924262 -7.468843 -7.459228 -6.788764 -5.763289 -5.619422 -5.498077 -5.797583 -6.241348 -6.032794 -5.871705 -5.915775 -5.783755 -6.213558 -6.169216 -6.234216 -6.747047 -6.33274 -7.234386 -8.257199 -8.152581 -8.529127 -7.95893 -7.186924 -7.395068 -7.505535 -8.211132 -7.768155 -7.109465 -6.083333 -6.171751 -7.154036 -7.201876 -5.596569 -6.156196 -5.624846 -4.961621 -4.668466 -4.379581 -4.576931 -4.179021 -4.540511 -4.994698 -5.479556 -6.318379 -6.963868 -8.803557 -7.903991
-5.339639 -6.089554 -5.948678 -5.635686 -5.30301 -4.764846 -4.712517 -5.041284 -4.958868 -5.181281 -4.980367 -6.100742 -6.697533 -5.275531 -5.498086 -6.914129 -6.488977 -7.774886 -7.024448 -6.823959 -8.663678 -7.192381 -6.282651 -5.880819 -5.58912 -5.574186 -5.774544 -6.585063 -6.017348 -5.810472 -5.651683 -5.793139 -5.822783 -5.692351 -5.947491 -6.014307 -6.345874 -6.496669 -7.437644 -8.149789 -7.603469 -7.323884 -7.257224 -7.129916 -7.404867 -7.736819 -7.36489 -6.379867 -6.343078 -6.48376 -6.273483 -5.906384 -5.781722 -6.0274 -6.231096 -5.798338 -5.051383 -4.568957 -4.322264 -4.252764 -4.222143 -4.150956 -4.421623 -5.206059 -5.700291 -6.669379
-5.732962 -5.81326 -6.084664 -5.523272 -6.107677 -5.477289 -5.377295 -5.671677 -6.846521 -6.185927 -5.764604 -5.442681 -5.075585 -5.653668 -5.721017 -6.391879 -7.224301 -6.636073 -7.701582 -8.480741 -8.155507 -7.11011 -6.743193 -6.378051 -5.814015 -6.248313 -7.044606 -7.208876 -5.534334 -5.821415 -6.153924 -5.656665 -5.723157 -5.677796 -5.771334 -5.663118 -6.185873 -6.238739 -6.465123 -6.895284 -7.157202 -7.27131 -6.60111 -6.773692 -8.422275 -7.818869 -7.640473 -7.012012 -7.719641 -8.187868 -8.364568 -7.561452 -7.104517 -6.901647 -6.035337 -5.440603 -5.036996 -4.579916 -4.519113 -4.24624 -4.244735 -4.114224 -4.051745 -4.313522 -4.715545 -4.981251
-5.25 -5.299851 -5.967015 -5.391586 -5.219069 -5.901414 -5.640529 -6.451859 -6.784358 -6.129366 -6.029806 -6.534191 -5.699023 -5.904819 -6.324017 -6.519878 -5.860363 -6.094024 -6.173931 -6.744073 -7.084145 -5.95552 -6.410808 -5.434637 -5.684935 -6.36485 -7.209619 -6.531522 -5.779942 -6.163482 -8.02026 -6.432364 -6.063982 -5.842884 -6.142224 -5.782132 -5.908228 -6.074496 -6.375294 -6.542796 -6.209297 -6.107743 -6.091681 -6.186278 -7.217921 -7.463172 -7.829646 -6.223453 -5.982626 -6.503356 -7.913479 -6.949496 -6.340586 -5.778874 -5.420622 -5.911905 -7.237236 -7.235637 -4.801785 -4.544128 -4.438152 -4.063188 -4.107601 -4.046791 -4.240227 -4.304952
-5.814201 -5.407547 -5.669577 -5.705569 -5.063556 -5.362998 -5.795109 -6.040375 -6.498393 -6.711897 -7.161128 -6.439646 -5.811272 -5.592945 -5.504679 -5.841554 -5.7622 -5.515356 -5.303614 -5.20437 -5.289484 -5.397285 -5.601359 -5.656856 -6.160153 -7.464852 -9.427102 -7.590928 -6.696112 -6.380713 -6.146585 -5.867882 -5.780128 -5.96205 -5.593 -5.738591 -5.783204 -6.641558 -6.643692 -7.701605 -6.947409 -6.534349 -6.291617 -6.012702 -5.72707 -6.3421 -5.609665 -5.520379 -5.449399 -5.564559 -5.454514 -5.806335 -6.918413 -5.552707 -5.521185 -5.032187 -5.454258 -5.436467 -4.928134 -4.711238 -4.439846 -4.255208 -4.078249 -3.870082 -4.096331 -4.046875
-6.053467 -5.562575 -5.102703 -5.069707 -5.20172 -5.520197 -5.754602 -7.111189 -6.537336 -7.085789 -5.785756 -5.255404 -4.954177 -4.845518 -4.728367 -4.682661 -4.914104 -5.465843 -5.478345 -5.147792 -5.197327 -5.036978 -5.26451 -5.398239 -5.422623 -6.628074 -8.849639 -7.634796 -7.963164 -7.666546 -6.750084 -6.164258 -6.124946 -5.792004 -6.522808 -6.021874 -5.958008 -6.298243 -7.681615 -7.532414 -7.966635 -7.509074 -6.982215 -6.287439 -5.961705 -6.276767 -5.996236 -6.063179 -5.562437 -5.481514 -5.245377 -5.413199 -5.275615 -5.187465 -5.177051 -5.05349 -5.101307 -4.995421 -5.137671 -4.870521 -4.660034 -4.40587 -4.287675 -3.960897 -3.766935 -3.858173
-5.162296 -4.964987 -5.201647 -5.468979 -5.626899 -5.732975 -5.372766 -5.698997 -6.668402 -7.467299 -6.423996 -5.986813 -5.787758 -5.235223 -5.171304 -4.951853 -4.981072 -4.762065 -4.867074 -5.453105 -5.643324 -4.995898 -5.020376 -5.20941 -5.328608 -6.523282 -6.643158 -7.029015 -7.193465 -6.337675 -6.190173 -5.95603 -5.593595 -5.955749 -5.781684 -5.811899 -6.655416 -6.284847 -6.84511 -7.601683 -8.310156 -7.68659 -6.986583 -6.993857 -6.066583 -5.700939 -6.085605 -6.817243 -6.969598 -6.225645 -5.643023 -5.855691 -5.564205 -5.790377 -5.721251 -5.357537 -5.654887 -5.564465 -5.380527 -4.847332 -4.321336 -4.173098 -3.936784 -3.693156 -3.577861 -3.445015
-7.112807 -6.095826 -5.728971 -6.036208 -5.170628 -5.471219 -5.229868 -4.991608 -6.383279 -5.620216 -5.953635 -5.176149 -4.895892 -4.762842 -5.793927 -4.988461 -4.572259 -4.837843 -5.350897 -4.753455 -4.73516 -4.668866 -4.827311 -5.392393 -6.028174 -6.217983 -7.614671 -9.240293 -7.044476 -5.994708 -5.912222 -5.879111 -5.747031 -5.882862 -5.862711 -5.837383 -6.122213 -6.650161 -6.990296 -7.398972 -7.917698 -8.325154 -7.3757 -6.623611 -6.544514 -5.758296 -6.116992 -7.23179 -6.770591 -7.964659 -6.576904 -6.363365 -6.161687 -5.468804 -5.350057 -4.961483 -4.619319 -4.723862 -4.888631 -5.808072 -5.724487 -5.123055 -5.666977 -4.658538 -4.139288 -3.618472
-7.740775 -7.143014 -6.802232 -5.944731 -5.845187 -5.534911 -4.939262 -5.736906 -4.671248 -5.620137 -4.559781 -4.501446 -5.603168 -5.862679 -5.062067 -5.383981 -5.608109 -4.953174 -5.126815 -4.639268 -4.670775 -4.783209 -4.806038 -5.196089 -5.594831 -6.817087 -6.971238 -8.298694 -8.798452 -6.70969 -6.063232 -5.942471 -5.761528 -5.710305 -5.818222 -5.742806 -5.906459 -7.115772 -8.104756 -7.8357 -8.460963 -7.692039 -6.607454 -6.64533 -6.315358 -6.536633 -6.313711 -6.218345 -6.207624 -6.603275 -6.230694 -7.104218 -6.78843 -5.544994 -4.781989 -4.684034 -4.279693 -4.122442 -4.10083 -4.140358 -4.010063 -4.234746 -5.85654 -5.853629 -5.845403 -5.175952
-5.588645 -4.801033 -5.378211 -6.264734 -6.382854 -6.04131 -5.791114 -5.544968 -6.168675 -5.253115 -5.597496 -7.343204 -5.884855 -5.576909 -5.702915 -5.654087 -5.643308 -5.427503 -5.37762 -4.788802 -4.623748 -4.884177 -5.061558 -4.828931 -5.278551 -6.251801 -7.256952 -9.873129 -7.458741 -7.815808 -6.295698 -6.593499 -6.882833 -5.692332 -5.906726 -5.956337 -5.764377 -6.165715 -7.328635 -6.761731 -8.12941 -7.02185 -6.472695 -6.115074 -6.044643 -6.193086 -5.94409 -6.03637 -5.877981 -5.734789 -5.986641 -5.919992 -6.113204 -5.139637 -4.80864 -4.536929 -4.220768 -4.000179 -3.919906 -3.835691 -3.580464 -3.528348 -3.685653 -4.119311 -6.21274 -5.0692
-4.358827 -4.404888 -4.146801 -4.613078 -5.942715 -6.911851 -5.382809 -5.163316 -4.962205 -4.847215 -6.683905 -7.211647 -5.727201 -5.471695 -5.367134 -5.477096 -5.553806 -6.888519 -6.008698 -5.352154 -4.831007 -5.069293 -4.929303 -5.149255 -6.56767 -6.58779 -7.27293 -8.693947 -8.0585 -7.148592 -6.848423 -8.146076 -7.834551 -6.96971 -6.134742 -5.937536 -5.585169 -5.637325 -5.949985 -5.876124 -6.33662 -6.550296 -6.966691 -5.983202 -6.023587 -5.535389 -5.216598 -5.286054 -5.582318 -5.60452 -5.474739 -7.237737 -6.980968 -5.862674 -5.239134 -5.794513 -5.490686 -4.422461 -3.858769 -3.522903 -3.250347 -3.169523 -3.024594 -3.209283 -3.85054 -6.007452
-5.4683 -4.50241 -3.946787 -3.90011 -4.621304 -5.49643 -5.480967 -5.493571 -5.014713 -5.061663 -6.322693 -6.413891 -6.188192 -5.600691 -5.082833 -5.107873 -5.505096 -6.347029 -6.915214 -5.859402 -5.272166 -5.418889 -5.460268 -6.174444 -7.633664 -7.367532 -6.524587 -8.020938 -7.600528 -7.540549 -7.398599 -8.043849 -8.336106 -6.630642 -7.176743 -6.328722 -5.892787 -5.477417 -5.284897 -5.563179 -5.561913 -5.375092 -5.515346 -6.771994 -5.622902 -5.479506 -5.678608 -4.948299 -4.526618 -5.089807 -4.725823 -4.943126 -4.9458 -5.146075 -6.885787 -6.502178 -6.32077 -5.395321 -3.902498 -3.587676 -3.276474 -3.00297 -2.861423 -2.830745 -3.002272 -3.595475
-4.081017 -3.696472 -3.959941 -4.106522 -5.505831 -6.328633 -4.957585 -5.147027 -6.10407 -5.536906 -5.617061 -5.896668 -7.418406 -5.770082 -4.923357 -5.348359 -5.440881 -6.630453 -7.160412 -6.285707 -6.384243 -6.689254 -5.561372 -6.906342 -7.008029 -7.100527 -6.15227 -6.427908 -6.622314 -6.660122 -7.351964 -8.372735 -7.291279 -7.478642 -8.493677 -6.559155 -5.672986 -5.539077 -4.892153 -6.314335 -5.368011 -5.57161 -4.572712 -4.819733 -5.678327 -4.991767 -6.085776 -5.511901 -4.549156 -6.245708 -5.328339 -5.162544 -4.806451 -4.581186 -5.147193 -5.775945 -6.705354 -6.424288 -5.118107 -4.21059 -3.623868 -3.307391 -3.024129 -2.697868 -2.581947 -2.885402
-4.48174 -3.842714 -3.826626 -4.520034 -6.219202 -6.966301 -4.939881 -6.056557 -5.994157 -6.173794 -5.627487 -6.62569 -5.79891 -5.440383 -5.221935 -6.606408 -5.868782 -6.857886 -7.360802 -7.130724 -7.147613 -7.467012 -6.532278 -6.351002 -8.269878 -7.232937 -6.736894 -6.207986 -5.936632 -7.066723 -8.477076 -8.507227 -7.900528 -8.323589 -7.892219 -6.768606 -5.660278 -5.414473 -5.423584 -4.951704 -4.906806 -5.223979 -4.418258 -4.409513 -4.682923 -4.754682 -4.706612 -5.352311 -4.246555 -5.086477 -5.894655 -5.348326 -4.600824 -4.17565 -4.044133 -4.47918 -6.74459 -4.507034 -5.355031 -5.697089 -4.49126 -4.021076 -3.619775 -3.032428 -2.548049 -2.40541
-2.863642 -4.375447 -4.595387 -5.149276 -5.792006 -5.559593 -5.193367 -6.621344 -7.43284 -7.378064 -6.709492 -6.314885 -4.987054 -4.692274 -5.826365 -5.451702 -5.729033 -5.478992 -6.112813 -8.041991 -12.22738 -8.097327 -7.94675 -6.610699 -7.566612 -7.846825 -6.559388 -6.358458 -5.650251 -6.575463 -7.608003 -7.804175 -8.06677 -8.289889 -7.910171 -8.236639 -6.15489 -6.57504 -5.610886 -6.406598 -5.205085 -4.810439 -4.542754 -4.558633 -5.323882 -4.930016 -4.527441 -4.020957 -4.339402 -5.035799 -5.397113 -5.57524 -4.13768 -3.741689 -3.504237 -3.568554 -3.984984 -4.428412 -4.02792 -3.738453 -6.674282 -4.826397 -4.044291 -4.430593 -4.05198 -2.268176
-2.64906 -4.297441 -4.578464 -4.360676 -4.328513 -4.862021 -4.989549 -6.645879 -4.678592 -5.649455 -6.805182 -5.631007 -4.639087 -5.265494 -5.912901 -5.070776 -5.482429 -5.412152 -6.161959 -7.577368 -11.59522 -12.17379 -7.809755 -7.788539 -7.003995 -6.941622 -7.444907 -5.458185 -5.516589 -6.700254 -7.908438 -8.524439 -8.881509 -8.484997 -7.799891 -8.335721 -6.580677 -5.30272 -5.337727 -6.302176 -5.088222 -5.900207 -5.187982 -4.432934 -4.299199 -4.152415 -5.038624 -4.107723 -4.248906 -3.917096 -3.91656 -3.576173 -3.369284 -3.51095 -5.17504 -3.294742 -4.307914 -3.727214 -3.344947 -3.347045 -4.477881 -6.19125 -5.927259 -3.056364 -2.582626 -3.050599
-2.616471 -3.758547 -4.210592 -4.613763 -3.689905 -3.276115 -3.809852 -4.315587 -4.896997 -6.103842 -6.728987 -6.379001 -5.805929 -5.814403 -5.190812 -6.140376 -5.949315 -5.557594 -6.238659 -8.738974 -11.06028 -7.1472 -7.299814 -8.110157 -6.408293 -5.698829 -6.440997 -5.285709 -5.372708 -5.926487 -7.066222 -7.551077 -8.294012 -7.410098 -8.485519 -9.280246 -6.582075 -5.22224 -5.831758 -6.287325 -6.098475 -6.191593 -5.585317 -5.228177 -4.448724 -4.216592 -3.916868 -3.955969 -4.494387 -4.700861 -3.950333 -3.63455 -3.418416 -3.448704 -3.326391 -3.521048 -2.799427 -3.512946 -2.892348 -3.244953 -4.712953 -4.653261 -3.813516 -4.301644 -4.413564 -3.081332
-2.392792 -2.76865 -3.512177 -3.665106 -3.466847 -5.103567 -6.987113 -6.501449 -5.422808 -5.313205 -5.440984 -5.424016 -5.781927 -6.04658 -5.746417 -4.836424 -4.895729 -5.22417 -7.010046 -8.232378 -8.330674 -5.717378 -7.253954 -5.908895 -7.412262 -6.392622 -5.240324 -5.942559 -5.497758 -6.298145 -7.549446 -8.285435 -5.661242 -8.171637 -10.15392 -8.664731 -6.99405 -5.23964 -6.050624 -6.248887 -7.913601 -6.400753 -5.139506 -5.974111 -5.142433 -6.370236 -4.714959 -4.58493 -6.383921 -4.839359 -5.072632 -3.74261 -3.350448 -3.21611 -3.364401 -4.4064 -2.933009 -4.330361 -3.263165 -2.646836 -2.514822 -2.5065 -2.612129 -2.836028 -5.395082 -4.607924
-2.198416 -2.957497 -2.576533 -3.232124 -5.696866 -6.956592 -6.988043 -7.206347 -6.121991 -5.977047 -6.172211 -5.292196 -5.029082 -5.084082 -4.813076 -5.432118 -4.415686 -5.28947 -5.365856 -6.322771 -6.446984 -6.358265 -5.369626 -4.604589 -5.711542 -5.072361 -4.869833 -5.355422 -4.749416 -5.465953 -5.765144 -5.560102 -7.30636 -6.499085 -7.051345 -7.053769 -5.815618 -5.477915 -5.89463 -5.515431 -7.707053 -8.27259 -7.559203 -6.500159 -5.695415 -4.771895 -4.947936 -4.191047 -4.511701 -4.179264 -4.132155 -3.472345 -3.22598 -3.366882 -2.904693 -2.829134 -2.75828 -3.114519 -3.158212 -3.81302 -4.300475 -3.668781 -3.245238 -4.395861 -5.335149 -4.285689
-6.648549 -5.101997 -2.395303 -3.156213 -4.262984 -4.885418 -4.596034 -4.734607 -5.49498 -5.766904 -5.327034 -6.235874 -5.840733 -4.822265 -4.887718 -4.0817 -4.618982 -5.250397 -5.902328 -5.350533 -5.96785 -5.487053 -5.146238 -4.347397 -4.483451 -4.808287 -4.876148 -5.915186 -5.136364 -4.788604 -5.661382 -5.781581 -6.689395 -5.466928 -6.156416 -6.618731 -5.620224 -5.68575 -5.942456 -5.802035 -8.044582 -7.482572 -6.887573 -6.174915 -4.381613 -4.163134 -3.977211 -3.933993 -3.757497 -3.600438 -3.880308 -3.793081 -3.085384 -3.53371 -3.030644 -3.044304 -2.970091 -2.847871 -2.824829 -2.804925 -2.715292 -2.438546 -3.400238 -3.614166 -4.861628 -5.379709
-2.958903 -2.522861 -5.226424 -3.627466 -3.688548 -3.496221 -3.125021 -3.028848 -3.542095 -4.85637 -3.681586 -5.813192 -5.160328 -3.710178 -4.483437 -4.187136 -4.719872 -3.976134 -5.48001 -4.892156 -5.647755 -5.63518 -4.773794 -4.179263 -4.407828 -5.350338 -4.72428 -4.563185 -5.111959 -5.432658 -4.691521 -5.062746 -6.620343 -5.365837 -6.721209 -5.680949 -6.005056 -6.134905 -6.713166 -6.270169 -5.801255 -5.602306 -4.785853 -4.652636 -4.269115 -4.377232 -4.170934 -3.863981 -3.691759 -3.47678 -3.306859 -3.533608 -3.796312 -3.213121 -3.440182 -3.977944 -3.431592 -3.374276 -2.92636 -2.926172 -2.781412 -2.504053 -2.839923 -3.193728 -3.734397 -4.697274
-2.142927 -4.393312 -3.851293 -3.995571 -2.984412 -2.693961 -2.690643 -2.588808 -2.693221 -2.84384 -2.777849 -5.530812 -4.156394 -3.037835 -4.707201 -9.069592 -6.398345 -3.594315 -3.570794 -4.150649 -4.235593 -5.104303 -4.891609 -4.64912 -4.627407 -4.1798 -4.298606 -4.638449 -4.521685 -5.375924 -4.94366 -4.847452 -5.4191 -5.254779 -6.047119 -7.808406 -8.167941 -9.3231 -9.214073 -6.762628 -6.142953 -6.122378 -5.114758 -5.069331 -4.557111 -4.743832 -4.566009 -3.681506 -3.627146 -3.902411 -3.392695 -3.897714 -3.642097 -3.218469 -3.617156 -5.852514 -5.84899 -4.056033 -4.052491 -3.60777 -3.721972 -2.666508 -2.968768 -3.977542 -3.492644 -4.016078
-4.483158 -2.626988 -3.189385 -2.860514 -3.492892 -4.837551 -2.03945 -2.283353 -2.25064 -2.366393 -2.600429 -2.636035 -2.447803 -4.165414 -6.558468 -5.827684 -3.525119 -3.861573 -3.512998 -3.15915 -3.413671 -3.839696 -5.444129 -4.847781 -4.807978 -4.032491 -4.447426 -4.488472 -4.556419 -4.264526 -4.501073 -4.843336 -5.326808 -5.23712 -6.970165 -11.71547 -7.865858 -11.12142 -11.27534 -6.366543 -5.750225 -5.475191 -5.058424 -5.115046 -5.840398 -5.592558 -4.695868 -4.303222 -3.847898 -4.044312 -4.304996 -3.794686 -4.181534 -3.449293 -4.067998 -4.300225 -4.963474 -4.754859 -4.799943 -5.078596 -4.88122 -2.572212 -2.622404 -4.048281 -5.207204 -4.423113
-1.843011 -1.962894 -1.988111 -2.772416 -3.417184 -3.200376 -3.015774 -2.868482 -3.280537 -3.346322 -3.686517 -3.751442 -3.608791 -5.889552 -6.591267 -4.605031 -2.557105 -2.804719 -3.134477 -3.224656 -3.302567 -3.501231 -3.701975 -3.82416 -3.825321 -4.069812 -4.506612 -5.755901 -5.338399 -4.537261 -4.571866 -4.553309 -4.819602 -5.399249 -7.195906 -11.14495 -8.898572 -11.18132 -12.55007 -7.143961 -6.716315 -7.772762 -6.691788 -6.796929 -6.869002 -5.100177 -4.911172 -5.367465 -5.243001 -5.204106 -3.886295 -5.193034 -3.923502 -3.659714 -3.912987 -4.85875 -4.875795 -5.500835 -6.254738 -3.795596 -3.181569 -2.601454 -2.765125 -3.57927 -3.552815 -3.471313
-1.560813 -1.719118 -2.327015 -2.78753 -3.271739 -3.613139 -3.311571 -3.690747 -4.6242 -4.189734 -1.935911 -2.8904 -2.695528 -4.570305 -3.094722 -2.560537 -3.076866 -4.911592 -2.883025 -3.178488 -3.390334 -4.089147 -4.325029 -3.717077 -3.638586 -3.952848 -3.908207 -4.278457 -4.650292 -4.554251 -4.664611 -4.616875 -4.790146 -5.264287 -6.907085 -7.136148 -7.924759 -9.079815 -9.627542 -7.468293 -7.628885 -9.989915 -6.932807 -6.018239 -5.038617 -5.590071 -5.927693 -5.377025 -6.737149 -6.602019 -4.097746 -4.403447 -4.0875 -3.371576 -4.523181 -4.151974 -4.016665 -4.248575 -3.995204 -3.280023 -3.904149 -2.829148 -2.719689 -2.893747 -2.944717 -3.638316
