inst/extdata/envar/asc/bio1.asc
ncols         480
nrows         353
xllcorner     -1644588.35
yllcorner     1550510.45
cellsize      10000
NODATA_value  -9999
[rows 174 to 202 of 353, columns 198 to 263 of 480]
14.9145 13.41109 14.19947 11.06923 13.36949 13.29813 12.87254 14.78163 15.05847 13.74524 13.14211 13.18437 10.34129 10.5846 9.776604 13.42303 9.80956 8.735098 12.01164 14.94182 13.64868 11.03372 10.10178 10.51178 12.37866 12.56612 13.86101 15.84561 15.44806 14.3311 15.31974 15.03267 14.69748 16.05611 16.11801 16.07744 16.2726 16.41656 16.18856 16.04667 15.82653 14.97506 15.0708 15.5883 16.19842 16.13549 16.23335 16.3097 16.33623 16.3182 16.43529 16.31959 16.34088 16.21842 15.84321 16.42966 16.38384 16.43385 16.61663 16.57491 16.65712 16.36673 14.82401 15.8906 15.30037 15.52823
14.90553 15.50246 16.70892 13.98371 13.73775 14.76954 13.33827 12.70785 13.02459 15.43171 15.36246 17.29383 16.0001 13.6477 10.79781 13.9435 11.49354 12.0376 12.76903 13.28713 16.10193 13.63124 12.39133 10.71088 13.27611 13.21727 14.26752 14.81657 15.7565 14.74609 15.22301 15.62621 15.29239 15.86039 16.14975 15.38092 16.3557 16.38861 16.20772 16.01618 15.82629 16.04967 15.43606 15.70066 16.13421 16.29736 16.30724 16.33481 16.44557 16.40527 16.43877 16.4784 16.46848 16.48618 16.53697 16.43056 16.4913 16.58781 16.64955 16.66119 16.71852 15.34133 16.0272 15.69056 15.48896 15.9601
16.52629 15.62364 16.7332 13.65899 14.6118 15.12145 14.94585 12.39672 13.66985 14.15309 12.91245 14.77538 14.34104 12.75509 14.37323 14.02181 15.95964 14.07993 11.90931 14.1067 15.11739 12.88924 12.43395 12.91753 14.21322 13.46585 14.70189 14.83763 16.06719 15.72612 15.56009 16.0502 16.00515 15.52914 16.44162 16.23943 16.36668 16.33607 16.36291 16.41508 15.86428 16.05233 16.30464 16.35781 16.0668 16.28649 16.4017 16.4033 16.48656 16.51149 16.7444 16.54197 16.57922 16.50265 16.61229 16.56201 16.62951 16.71375 16.72109 16.78614 16.25138 14.4752 16.1918 16.39753 16.56558 15.59033
17.12373 16.27138 16.78829 14.78316 14.11777 15.55327 15.23606 15.51898 17.2081 14.96991 14.86178 15.43394 17.32109 11.57162 15.29967 13.58946 16.1291 14.42551 13.93336 14.16228 15.94252 11.6548 12.77782 13.30194 12.61036 14.84949 15.51886 13.99807 15.75288 15.91193 15.88204 16.24272 16.13422 16.21632 16.36646 16.44347 16.49012 16.39536 16.31772 16.45799 16.44183 15.80112 16.28057 16.17433 16.51162 16.41876 16.50688 16.52901 16.58559 16.58268 16.65296 16.61189 16.54105 16.60819 16.72317 16.74129 16.78643 16.7986 16.76616 16.78745 16.03443 16.3038 16.87687 16.45765 16.55696 15.82243
17.43577 16.15738 16.98404 15.63343 13.5766 15.73127 14.53106 17.27091 17.75933 13.2896 16.97506 12.19687 13.59437 15.75832 13.97273 12.01488 13.95593 13.44567 15.82485 14.457 16.9762 13.07801 13.82106 15.20631 13.80908 15.04974 14.90117 14.48141 15.21572 16.33479 16.14632 16.48351 16.14393 16.15083 16.17918 16.29642 16.35592 16.3266 16.37203 16.3806 16.51629 16.32631 16.49297 16.50108 16.50135 16.56985 16.56917 16.60616 16.64088 16.6188 16.68982 16.79492 16.75342 16.78335 16.82478 16.88573 16.82238 16.92448 16.84886 16.91076 16.67248 16.90306 16.88937 16.77292 16.68142 16.76657
17.70188 17.1432 17.78692 17.28452 17.69449 16.07264 16.15768 15.29368 15.40621 15.09892 14.7137 14.81469 12.12122 15.51328 11.61137 12.74382 13.4741 13.65013 14.41792 15.86198 12.60674 15.24877 16.68681 16.53253 15.06584 15.63518 16.09578 15.61544 15.44455 16.25991 16.64137 16.45332 16.38209 16.30156 16.22192 16.23173 16.31981 16.37193 16.424 16.38907 16.41567 16.50906 16.56763 16.63159 16.58676 16.56215 16.61826 16.66015 16.79021 16.80916 16.76644 16.84141 17.04735 17.10219 17.22095 17.15093 16.95122 16.92745 16.89797 16.7526 16.98537 17.01103 16.77011 16.84119 16.94429 16.62949
16.31964 16.83396 16.66445 17.43497 16.85461 14.89347 13.29108 14.45724 11.52836 15.82842 11.3423 11.2675 13.09832 10.15923 10.41829 10.66225 12.90519 11.9658 13.46475 13.99495 11.93323 13.6693 15.82695 14.56069 15.37944 16.87136 16.66302 16.54267 16.20609 16.11525 16.17666 16.52339 16.4944 16.34101 16.28721 16.23621 16.31417 16.44308 16.44833 16.43344 16.46106 16.47237 16.51089 16.80539 16.6245 16.64069 16.6518 16.68321 16.69208 16.78824 16.80721 16.85956 16.96394 17.19171 17.30956 16.94353 16.84512 16.94922 16.93414 16.99058 17.04158 16.93191 16.94217 17.11769 16.96087 16.91945
15.95888 16.72934 15.50098 15.29159 15.99755 13.58707 14.37235 11.06973 13.03517 9.013024 9.171943 13.89391 11.37741 12.25144 12.44927 11.26306 10.50492 12.2743 10.45005 12.26852 12.26173 14.2243 13.06696 15.65662 16.6605 16.83628 17.01284 16.44583 16.58804 16.36578 16.25958 16.60875 16.49376 16.33484 16.44131 16.33303 16.34834 16.45963 16.46583 16.49379 16.50947 16.57571 16.62259 16.62694 16.65231 16.6879 16.67255 16.69472 16.71331 16.86901 16.88681 16.84854 16.96377 17.18904 17.06255 17.0747 16.92875 17.00173 17.06163 17.09425 17.11 17.05831 16.90916 17.10105 16.25635 16.99084
16.77751 15.79688 16.04076 15.35964 14.45137 13.16257 11.90666 12.0952 12.15058 9.776908 14.49698 14.90815 12.2758 13.62895 13.47432 13.43254 12.05719 13.61054 14.60341 11.12632 10.09348 13.37461 15.0022 15.91495 16.01085 15.70329 16.6088 16.5075 16.60977 16.41892 16.57834 16.56771 16.63192 16.44535 16.42784 16.47823 16.51045 16.46952 16.50536 16.60503 16.61927 16.58348 16.65109 16.67896 16.68608 16.72618 16.76969 16.70983 16.86231 16.91225 16.95613 16.94037 17.02096 16.94379 17.05417 16.97851 17.00513 16.97808 17.0216 17.02073 16.67234 17.03799 17.10477 16.92624 17.07461 17.31914
14.09088 13.59117 14.59334 11.72266 15.42686 9.838014 10.54244 10.52918 12.30084 13.28679 14.88303 15.27896 14.40724 12.39523 12.85831 12.77341 12.37339 12.78717 12.81071 11.49827 9.473985 13.95507 14.26424 14.54735 16.57388 16.19324 16.69656 16.86079 16.72144 16.77929 16.85794 16.67775 16.6576 16.38601 16.58728 16.59112 16.4943 16.38944 16.59247 16.72096 16.64747 16.72576 16.72717 16.70057 16.80333 16.84565 17.0761 16.87059 16.95692 16.93685 16.92928 16.95853 17.11181 17.04662 16.91573 17.07236 17.06456 16.96608 17.09669 17.05332 17.0251 17.13696 17.16365 17.1553 17.2239 17.25921
13.61387 13.42076 14.23842 13.04574 10.38673 10.41215 11.50402 10.36798 14.15301 15.34814 15.04505 14.6562 12.20164 11.50925 13.2559 12.36869 13.58742 15.89632 15.21024 16.06698 15.58109 14.91865 15.37836 15.21559 14.98281 16.5109 16.79358 16.96209 16.71507 16.9344 16.78616 16.70159 16.64651 16.62701 16.96563 16.83786 16.67597 16.67491 16.68655 16.71643 16.64606 16.70675 16.75079 16.8178 16.98219 16.94312 16.98046 17.0461 17.01601 17.04514 17.01376 17.02829 17.09232 17.15752 17.0813 17.12326 17.02931 17.11379 16.80614 17.02449 17.24198 17.19771 17.15513 17.23327 17.33996 17.36462
12.30989 11.81601 13.26932 11.86365 11.12854 12.72228 13.56581 11.58633 12.53984 15.06671 13.57511 13.5485 11.74001 14.05403 14.65691 13.86604 12.94626 14.24409 12.05948 14.40168 12.87397 13.47174 14.44764 14.49398 14.29726 15.25194 16.72053 16.87872 16.81568 16.47059 16.7439 16.65211 16.66875 16.63535 16.58188 16.8459 16.67253 16.70574 16.75488 16.75288 16.74425 16.74923 16.81707 16.84897 16.93441 16.92449 16.98686 17.04623 17.04726 17.02212 17.12335 17.11959 17.10012 17.19044 17.1017 17.16862 17.13174 17.09319 17.12454 17.18085 17.17099 17.0817 17.04619 17.22611 17.37758 17.19101
11.58838 13.23407 12.76948 12.35755 12.64079 13.62022 12.67508 15.09671 15.92784 16.04697 14.12477 16.227 15.43621 13.763 12.51932 13.24905 12.41435 9.181652 13.86752 11.5987 10.39599 12.10404 12.28509 14.10621 14.91863 15.6279 15.68954 16.00731 16.35139 16.63029 16.85779 16.64374 16.67619 16.6142 16.66469 16.57715 16.57078 16.61802 16.72985 16.82304 16.8125 16.84674 16.84516 16.92101 16.9525 17.00969 17.10009 17.04562 17.182 17.24816 17.21905 17.13579 17.19139 17.29953 17.11546 17.06806 17.09803 17.23389 17.17094 16.58052 16.76802 16.02908 17.03334 17.22298 17.24047 17.41276
11.50739 13.16784 12.86392 13.17456 13.0709 12.56343 13.471 14.28248 16.24938 15.84338 14.62204 11.71235 12.25811 10.00716 9.699734 14.61324 10.2775 10.10007 11.83773 10.38627 11.42374 12.40464 13.43979 15.50096 15.1493 13.56145 14.36884 15.51145 16.20986 16.64515 16.7723 16.71964 16.67334 16.72616 16.72338 16.77168 16.75947 16.72806 16.73581 16.8504 16.88138 16.95755 16.96124 17.03209 17.06997 17.16271 17.15845 17.22239 17.24681 17.14646 17.07417 17.21997 17.22713 17.13845 17.24914 17.2131 17.04305 17.12241 16.24859 15.80317 16.1506 17.04658 17.38496 17.51014 17.45535 17.27875
11.59191 12.53464 12.54323 11.90476 12.01353 13.8758 13.06278 11.82107 15.52282 13.68851 15.3058 12.18389 10.61474 9.947112 9.973859 12.74622 9.935532 10.74801 11.41979 11.28839 14.89362 12.10616 12.69793 12.44461 13.49419 14.04519 15.5049 15.84214 16.26477 16.70549 16.83788 16.76462 16.72267 16.7163 16.76912 16.72626 16.74101 16.62762 16.82789 16.90816 16.95956 17.00412 17.03734 17.08003 17.21911 17.15639 17.11953 17.29819 17.17671 17.20365 17.14345 17.20414 17.22182 17.29211 17.22143 17.35906 16.92408 16.82202 16.38524 16.74899 17.02863 17.17126 17.37465 17.32586 16.71854 17.07158
12.66016 14.21086 14.23878 12.07709 14.53414 13.85341 13.62673 13.65073 14.49864 14.53713 14.89713 10.66091 10.1414 11.17402 14.10652 10.44575 11.39568 12.16513 11.99502 12.68486 13.52726 14.45114 15.40794 15.0287 16.22463 15.71224 16.56201 16.72799 16.64643 16.64643 16.76506 16.825 16.83492 16.80584 16.75338 16.83382 16.79296 16.73722 16.88483 16.9418 17.0244 17.11214 17.10102 17.15142 17.26499 17.11876 17.20715 17.22486 17.23619 17.33541 17.30511 17.09392 17.03512 17.15601 16.97809 16.80558 16.80381 15.56093 16.08625 16.43831 16.18707 16.95823 16.02214 16.71942 16.57352 15.53621
11.81681 13.77243 13.31529 13.55269 14.06398 13.53642 14.47853 13.38507 14.69894 15.37557 12.64444 12.27478 10.7445 13.7682 14.53997 12.91928 15.17129 12.03191 11.84528 12.72906 14.42669 14.8222 16.52019 15.63557 15.54818 16.01921 16.34853 16.45704 16.78392 16.80311 16.79568 16.77706 16.8976 16.83065 16.82419 16.87011 16.80479 16.818 16.821 16.9391 16.95476 16.97205 16.99398 17.17825 17.33029 17.24938 17.15878 17.33424 17.08686 17.19763 17.25046 17.29097 17.13136 15.42436 14.79353 16.50876 16.44807 16.93437 17.01813 14.93657 17.10356 17.17758 16.58621 17.11762 15.65287 15.22297
12.94404 15.0449 14.60076 14.36325 14.66355 14.35923 13.88626 13.89066 14.04965 12.36145 12.71018 13.60124 12.33473 13.68545 15.20213 11.87133 13.7061 12.03758 14.27274 11.47447 15.12294 15.01482 16.68537 15.50684 15.49783 16.3968 15.65526 16.68966 16.84046 16.91083 16.94403 16.95292 16.88119 16.87342 16.85344 16.87707 16.86356 16.99843 16.93886 17.05525 16.98979 17.04924 17.06967 17.22309 17.34527 17.29144 17.16476 17.2141 17.16722 17.28881 17.00063 15.28341 16.49158 17.17244 16.88444 16.54007 16.88574 16.87796 14.84111 15.87725 16.70889 16.26946 16.74521 15.17788 15.58778 16.49884
14.80731 14.26802 13.0951 14.95594 13.3763 15.15615 13.92272 13.25301 13.52769 15.42865 13.8397 11.94229 14.40507 13.60881 12.6461 13.75682 13.63739 14.59644 13.18205 13.07567 13.38535 13.96539 14.57817 15.79364 16.84268 16.49747 15.67404 16.32748 17.08851 17.07283 17.0531 17.04059 16.93946 16.9115 16.94137 16.92321 16.94632 16.99275 17.06482 17.01785 17.02092 17.14579 17.26352 17.27494 17.34018 17.2797 17.34661 16.89521 16.82997 17.06126 15.71871 16.8378 17.24593 17.16458 16.0754 16.16554 16.47396 15.9826 16.55923 15.97919 15.89336 14.00886 14.5814 17.08156 17.18945 17.03511
15.06216 13.78897 12.75815 13.84914 15.6084 14.04623 14.4612 14.40156 14.67126 14.9924 15.24925 10.87434 13.41978 14.63185 15.02175 15.98893 13.88258 15.4054 13.90057 15.54488 13.94843 15.37722 14.98461 14.72946 15.53469 15.58284 17.02858 17.17824 17.0415 16.84835 16.85584 16.97724 16.95105 16.93846 16.96099 16.97266 16.98012 17.02485 17.1258 17.14379 17.24072 17.06917 17.25836 17.21395 17.21104 17.41102 16.46667 16.85596 16.77139 15.16968 15.48645 17.0638 16.57291 16.68593 15.42873 15.76604 14.91516 14.64062 11.77136 15.61729 15.16595 15.58056 16.22236 16.76201 17.35377 17.30708
15.98346 14.07119 14.10227 14.52187 14.76723 14.2194 13.78358 15.5945 15.76711 16.11654 14.21651 14.22093 15.19611 13.91927 15.73332 16.3979 14.79468 15.92285 13.60364 14.47486 16.00064 15.29281 16.68099 16.6959 14.52471 16.5104 16.19087 16.91199 16.90948 16.91434 16.94006 16.90003 16.98644 16.78428 17.0551 17.06188 17.04077 17.08381 17.102 17.19181 17.25098 17.11842 17.14515 17.211 17.41969 17.01258 16.77637 17.23019 16.73323 16.02742 17.08869 17.19393 16.8341 16.2522 16.06049 14.60203 14.13485 14.3239 16.23284 16.97806 16.85174 16.7816 16.96262 17.17156 16.42647 16.89725
15.86216 14.84075 15.8422 13.74638 14.40205 14.04633 15.53653 15.83329 16.626 16.2172 12.83846 13.81566 15.28462 15.80444 15.62644 15.77533 16.59131 14.38002 15.39989 14.63434 16.75457 15.97467 14.67465 14.5718 16.67344 17.00979 15.29308 16.70836 17.01782 16.9043 16.92679 16.91585 17.02703 16.98831 17.07923 17.06712 17.09336 17.22883 17.17986 17.14961 17.19313 17.09716 17.16773 17.10448 17.29975 17.2367 17.41906 15.86225 16.01141 16.95834 17.06593 17.14601 16.85199 15.00632 14.38013 15.36003 16.39883 16.43175 16.50417 17.23412 16.96986 16.9294 16.71104 15.05767 14.6221 14.62516
14.9884 14.81885 15.73558 13.88756 11.96564 13.40017 16.13803 15.39135 16.14968 14.79201 14.63528 15.6955 15.30899 16.1189 15.87163 16.74223 14.17672 15.41036 13.31785 14.54115 15.69365 15.25181 16.73657 16.70675 16.53675 15.56333 16.4603 16.98897 16.88278 16.88194 16.82332 16.96058 16.97895 17.08704 17.08607 17.08332 17.1263 17.18511 17.18584 17.18307 17.2374 17.19239 17.06563 17.08203 17.29634 17.3505 17.36097 17.35606 17.20503 15.97679 16.56602 15.20759 17.01725 16.34485 15.79369 16.51411 15.92915 16.97589 16.6796 15.80344 15.85854 13.73599 15.63352 12.09848 14.85466 14.71288
12.20384 15.48712 16.03445 14.12566 14.3218 15.78442 15.29682 15.89082 16.01401 14.21853 15.73303 16.02657 15.85739 16.20946 15.83372 14.70172 14.93617 16.60548 15.26894 15.15247 16.44241 16.90554 15.34515 15.49492 16.57817 17.01166 17.01053 17.1318 17.04688 16.89246 16.95621 16.88219 17.09067 17.14619 17.08374 17.13107 17.16918 17.23656 17.14574 17.18508 17.23797 17.03306 17.11653 17.11396 17.49299 17.40009 17.41796 17.44452 16.65195 17.06524 16.44244 13.753 13.64918 16.14005 17.00571 16.99647 16.4624 16.23895 16.83123 16.1034 14.93881 16.15544 12.72734 15.60308 16.42194 16.33772
16.00325 15.01866 15.99701 13.99222 13.85471 15.41683 16.36456 15.97169 15.36376 13.29812 16.03765 16.3007 15.28145 15.86884 16.09645 15.46604 16.07332 16.32445 16.68639 16.55018 16.90491 16.81962 14.60563 15.78962 16.59063 15.67564 17.11525 17.18407 17.07227 16.90052 17.04211 17.00269 17.1695 17.16602 17.1935 17.12723 17.1811 17.27393 17.33794 17.31949 17.33366 17.2516 17.11885 17.426 17.46021 17.29946 17.26519 17.18442 15.88898 16.09716 16.77943 11.68366 16.18593 16.79429 17.00528 16.12711 16.07303 15.933 15.98673 15.98985 16.41708 14.34644 11.59359 14.35602 14.24506 17.07138
15.22 14.60643 15.85738 14.69886 14.71281 15.50762 16.65954 16.15947 15.12038 15.09682 15.27772 16.51362 14.4003 16.07871 15.93612 15.28659 16.64765 15.66918 16.96321 16.64517 15.28929 14.32684 15.13745 15.7602 16.11482 16.05968 16.92907 17.04398 17.15489 17.1887 17.3266 17.32021 17.17838 17.18007 17.24174 17.22238 17.19338 17.26663 17.28518 17.29339 17.32871 17.30897 17.28475 17.44142 17.42845 17.34778 17.23756 17.03547 16.56859 16.70351 15.37166 15.96905 16.51687 17.27589 15.89994 14.16258 14.65894 16.83583 16.09382 16.62992 14.74484 13.63524 13.85915 14.30967 13.29985 17.27151
15.43141 15.64616 13.83209 14.13812 15.00483 16.67578 16.49557 16.64061 16.11198 15.85106 16.06295 16.18713 16.9165 16.6315 15.78935 15.97073 15.97741 15.54374 12.64125 15.19412 14.98927 15.88221 15.61378 15.53129 15.79658 16.97628 16.95699 17.12074 17.12277 17.05678 17.27807 17.30715 17.25362 17.39558 17.24471 17.02719 17.0308 16.9195 17.16206 17.03347 17.09375 17.11705 17.2834 17.47365 17.4626 17.3851 17.47121 16.87177 16.92047 16.98069 16.38002 15.32759 16.993 17.17815 14.754 15.26369 15.42008 16.00224 15.11022 16.42116 14.51973 14.15589 14.22397 17.22544 17.32338 17.40258
14.43326 12.92195 12.44131 12.75794 16.23889 16.86353 16.78889 14.39878 16.83193 15.74662 15.36947 15.93409 16.43537 14.83469 15.81631 14.47844 14.54283 15.0235 14.91388 15.66784 15.91382 15.87364 16.06001 16.23498 14.73627 17.03436 17.04196 17.11684 17.19052 17.02872 17.17323 17.14648 17.28381 17.30471 17.31384 17.26445 17.18456 17.38796 17.02621 17.1382 17.16335 17.16385 17.36409 17.41974 17.45795 17.45702 16.72913 17.02851 17.02824 17.31057 16.99548 16.45983 17.29943 16.58482 15.21003 15.6513 15.76588 14.86003 16.4996 15.84993 14.35548 15.97271 15.60045 16.78827 16.74102 17.34993
12.45703 12.3571 14.19887 14.14995 16.98307 16.54814 16.41307 13.06177 16.43534 16.78998 15.24049 16.74086 16.45465 16.20017 15.83088 14.58726 14.21662 14.58414 15.56646 15.16778 16.43822 16.04021 16.39237 16.1596 17.02063 17.06633 17.09938 17.10072 17.18287 17.12745 17.06926 17.00319 17.14507 17.27716 17.27843 17.16207 17.32723 17.44142 17.43952 17.44813 17.47275 17.44337 17.47223 17.42168 17.13369 17.32773 17.07928 16.69284 16.86004 17.11458 17.42864 17.13853 16.73723 15.56847 15.57387 15.64737 14.76284 16.22569 15.48668 14.64012 17.09326 17.16201 17.2837 17.20199 17.44438 17.48443
