inst/extdata/envar/asc/bio1.asc
ncols         480
nrows         353
xllcorner     -1644588.35
yllcorner     1550510.45
cellsize      10000
NODATA_value  -9999
[rows 29 to 57 of 353, columns 330 to 395 of 480]
4.642587 4.648384 4.621973 4.836792 4.748165 4.728486 4.778337 4.432702 3.809509 3.136573 3.011161 4.162431 4.128242 3.573183 3.587274 2.928263 2.565076 2.099922 2.186511 2.475386 2.753125 2.759374 2.109841 2.4352 1.954044 2.176774 2.017352 2.550075 2.732268 4.257147 2.875177 2.357418 1.975009 5.122426 5.866628 6.811391 7.51051 -9999 -9999 -9999 -9999 -9999 -9999 -9999 -9999 -9999 -9999 -9999 -9999 -9999 -9999 -9999 -9999 -9999 -9999 -9999 -9999 -9999 -9999 -9999 -9999 -9999 -9999 -9999 -9999 -9999
4.687154 4.798589 4.82805 4.827703 4.819088 4.828003 4.585458 4.241384 2.912064 3.582769 3.510499 4.007466 3.835874 3.508108 3.429922 2.839685 2.391746 1.868545 0.8175068 2.191229 2.139735 1.792099 1.758121 0.9873222 1.898962 1.891235 1.731217 3.024889 3.97502 2.976929 2.074618 0.4856985 2.703588 3.087547 5.39222 6.803172 7.903768 -9999 -9999 -9999 -9999 -9999 -9999 -9999 -9999 -9999 -9999 -9999 -9999 -9999 -9999 -9999 -9999 -9999 -9999 -9999 -9999 -9999 -9999 -9999 -9999 -9999 -9999 -9999 -9999 -9999
4.923766 4.908445 4.803188 4.84616 4.978478 4.709936 4.565964 4.277242 3.257356 3.745218 4.061637 4.043287 4.032324 4.46469 3.337626 2.965326 2.515734 2.296182 1.627734 1.777798 1.457573 1.019867 0.4312853 0.6931534 1.213857 1.666746 1.809146 2.276984 2.724454 2.724178 1.246953 0.8626518 2.792964 3.887162 6.955174 6.387362 -9999 -9999 -9999 -9999 -9999 -9999 -9999 -9999 -9999 -9999 -9999 -9999 -9999 -9999 -9999 -9999 -9999 -9999 -9999 -9999 -9999 -9999 -9999 -9999 -9999 -9999 -9999 -9999 -9999 -9999
5.09688 4.974458 5.008821 5.011013 5.063123 4.810007 4.219973 3.329592 2.778845 3.612175 3.519429 3.986497 4.534633 3.59866 3.284956 3.043791 2.751848 2.398093 1.85749 1.093914 -0.3729708 -0.4513622 -0.3520467 0.09514843 0.5097342 1.291316 2.02478 2.243925 1.838697 2.165822 0.1869062 0.4430611 2.089929 4.796748 7.307541 7.864095 -9999 -9999 -9999 -9999 -9999 -9999 -9999 -9999 -9999 -9999 -9999 -9999 -9999 -9999 -9999 -9999 -9999 -9999 -9999 -9999 -9999 -9999 -9999 -9999 -9999 -9999 -9999 -9999 -9999 -9999
5.064867 4.943808 4.904346 4.478253 4.945514 4.512823 4.189406 1.343353 2.463794 2.653304 3.33475 2.508085 2.757922 3.208569 3.594561 3.164415 2.626414 2.379632 1.881768 0.4954297 -3.381244 -4.031811 -1.505316 -0.3149369 0.2257503 0.9651087 1.216342 2.202934 1.541185 1.548593 0.09309665 -2.232575 3.030079 5.499737 7.149704 -9999 -9999 -9999 -9999 -9999 -9999 -9999 -9999 -9999 -9999 -9999 -9999 -9999 -9999 -9999 -9999 -9999 -9999 -9999 -9999 -9999 -9999 -9999 -9999 -9999 -9999 -9999 -9999 -9999 -9999 -9999
5.059318 5.097718 4.351951 4.848638 4.767467 4.813428 4.175181 2.812532 2.058948 2.25703 2.939077 1.876939 2.312333 3.83361 3.137381 2.738859 2.861295 2.187 1.840263 0.713204 -1.58818 -2.889943 -2.003964 -0.6127356 -0.2543294 0.3185392 1.000143 1.740877 0.7942868 -0.183519 -1.839112 -1.652928 3.995767 5.628177 7.583818 -9999 -9999 -9999 -9999 -9999 -9999 -9999 -9999 -9999 -9999 -9999 -9999 -9999 -9999 -9999 -9999 -9999 -9999 -9999 -9999 -9999 -9999 -9999 -9999 -9999 -9999 -9999 -9999 -9999 -9999 -9999
4.549349 5.072864 3.171099 4.724843 4.762114 3.251333 3.443502 2.678304 3.783712 3.358862 2.906298 2.476058 3.361396 2.625982 3.10034 2.851371 2.045836 2.221248 1.930618 1.007078 -0.7418074 -1.765421 -0.9111908 -0.6502309 -1.999858 -0.9861837 0.7012773 1.634665 0.6615019 0.5779015 -0.2644444 0.3655176 4.493067 5.478405 7.720779 -9999 -9999 -9999 -9999 -9999 -9999 -9999 -9999 -9999 -9999 -9999 -9999 -9999 -9999 -9999 -9999 -9999 -9999 -9999 -9999 -9999 -9999 -9999 -9999 -9999 -9999 -9999 -9999 -9999 -9999 -9999
4.348823 4.131631 4.664515 4.645753 2.914358 3.657745 3.198655 2.876755 4.36326 4.041272 2.434563 3.334056 3.048112 2.469979 3.066517 3.079767 2.620443 2.051095 1.872458 0.0746417 -1.860145 -0.4475103 0.2360676 0.3390342 -0.9083436 0.3853612 -0.1803027 -0.418626 -0.2050704 -1.455333 -1.281898 1.600143 3.999443 5.423592 7.612199 -9999 -9999 -9999 -9999 -9999 -9999 -9999 -9999 -9999 -9999 -9999 -9999 -9999 -9999 -9999 -9999 -9999 -9999 -9999 -9999 -9999 -9999 -9999 -9999 -9999 -9999 -9999 -9999 -9999 -9999 -9999
4.879489 4.17154 4.697655 4.223954 3.767448 3.328954 3.399882 3.76162 4.431626 3.912528 1.943242 3.007417 4.172307 3.886221 3.783205 2.901179 2.432331 2.174747 1.932875 -0.7603697 -0.5582077 0.1762816 1.008118 0.9112772 1.358459 0.9428939 0.3333724 -0.6371441 0.3922344 -1.533791 -0.5323107 2.600549 3.109943 4.530805 7.339869 7.756094 7.5983 -9999 -9999 -9999 -9999 -9999 -9999 -9999 -9999 -9999 -9999 -9999 -9999 -9999 -9999 -9999 -9999 -9999 -9999 -9999 -9999 -9999 -9999 -9999 -9999 -9999 -9999 -9999 -9999 -9999
3.9818 3.579423 4.620986 4.072626 4.047792 2.529954 4.426832 4.834576 4.028725 2.111151 4.139576 4.206062 4.252839 5.356258 3.850235 2.563082 2.717523 2.413379 2.129516 1.372923 0.3539189 0.6121311 1.206243 1.372405 1.410609 1.000597 -0.1388491 -1.283269 -0.4070438 -1.790414 0.7209916 1.614467 4.346669 5.209209 7.054837 7.679935 8.199706 -9999 -9999 -9999 -9999 -9999 -9999 -9999 -9999 -9999 -9999 -9999 -9999 -9999 -9999 -9999 -9999 -9999 -9999 -9999 -9999 -9999 -9999 -9999 -9999 -9999 -9999 -9999 -9999 -9999
3.728067 4.072709 3.938565 2.98348 4.587361 4.815434 4.281251 4.108627 3.932621 3.230498 4.434103 5.471181 4.571389 3.572406 4.46365 4.39151 3.793877 2.895159 2.334948 1.60558 2.039829 3.084697 1.894956 2.17714 2.36253 0.8863262 -0.7318947 -0.7483614 -1.21498 -0.4745696 -3.013238 -0.03840263 3.233008 5.528148 7.723041 7.034172 7.306918 -9999 -9999 -9999 -9999 -9999 -9999 -9999 -9999 -9999 -9999 -9999 -9999 -9999 -9999 -9999 -9999 -9999 -9999 -9999 -9999 -9999 -9999 -9999 -9999 -9999 -9999 -9999 -9999 -9999
3.958397 3.970829 4.182607 4.120534 5.069151 4.311127 4.444164 4.345142 3.837647 4.490094 5.595016 3.642038 3.581027 3.253266 4.376932 5.157812 3.410933 3.023872 3.882828 1.964168 3.655031 2.739393 2.828871 2.589196 2.482385 1.374725 1.386511 0.3712233 -1.496004 0.01105044 -1.787925 3.615254 3.375103 6.17942 5.086797 4.144362 6.709272 -9999 -9999 -9999 -9999 -9999 -9999 -9999 -9999 -9999 -9999 -9999 -9999 -9999 -9999 -9999 -9999 -9999 -9999 -9999 -9999 -9999 -9999 -9999 -9999 -9999 -9999 -9999 -9999 -9999
4.627061 4.46593 4.842865 5.006207 5.063424 4.56089 3.925245 4.265051 3.270305 4.141926 5.213188 4.15866 3.694771 3.00241 4.002668 3.624309 2.375727 2.688757 0.6239883 1.019747 3.206439 0.7983485 2.384947 2.71163 1.922844 1.927934 -0.5264319 -0.3544514 -0.5225798 0.5697161 -0.3132307 2.830824 5.514208 6.310471 7.142677 4.652222 7.447528 -9999 -9999 -9999 -9999 -9999 -9999 -9999 -9999 -9999 -9999 -9999 -9999 -9999 -9999 -9999 -9999 -9999 -9999 -9999 -9999 -9999 -9999 -9999 -9999 -9999 -9999 -9999 -9999 -9999
4.672515 3.712093 3.954982 4.927257 5.288463 3.345116 2.901437 3.744762 3.751973 4.481071 5.219558 4.538797 4.434862 4.859037 3.573449 1.466661 1.615083 1.627823 2.224954 3.666279 0.9661416 1.469962 1.595948 0.9072491 3.196805 1.993609 0.9004892 -0.5221385 0.4811426 2.847419 1.470328 4.309366 5.87869 7.690093 6.900852 6.227655 6.256799 -9999 -9999 -9999 -9999 -9999 -9999 -9999 -9999 -9999 -9999 -9999 -9999 -9999 -9999 -9999 -9999 -9999 -9999 -9999 -9999 -9999 -9999 -9999 -9999 -9999 -9999 -9999 -9999 -9999
5.160871 4.219565 5.250506 5.304502 4.977337 4.741477 4.006807 3.831972 3.89353 5.21471 6.857934 5.250905 3.759031 4.541266 2.599819 1.135154 1.220763 -0.6662229 0.9201945 0.8395258 -0.5127791 0.05245694 0.1484997 1.403001 2.259278 3.003267 1.264342 0.6642682 2.18446 3.458924 2.866622 3.865324 5.348212 7.623726 7.552926 8.508104 -9999 -9999 -9999 -9999 -9999 -9999 -9999 -9999 -9999 -9999 -9999 -9999 -9999 -9999 -9999 -9999 -9999 -9999 -9999 -9999 -9999 -9999 -9999 -9999 -9999 -9999 -9999 -9999 -9999 -9999
4.783278 5.212642 5.427206 5.357127 4.68954 3.866675 4.312844 2.269539 4.897371 6.613122 3.472139 4.790966 2.318675 3.762046 2.378317 1.814884 0.4307208 1.040229 2.511137 1.776769 1.458102 -0.2071462 -0.6518098 0.3537224 2.671262 3.202634 0.4900114 2.66783 1.884286 2.09063 4.808 3.969915 6.305157 8.24435 8.485337 -9999 -9999 -9999 -9999 -9999 -9999 -9999 -9999 -9999 -9999 -9999 -9999 -9999 -9999 -9999 -9999 -9999 -9999 -9999 -9999 -9999 -9999 -9999 -9999 -9999 -9999 -9999 -9999 -9999 -9999 -9999
5.070604 5.133355 5.147084 5.040765 5.590245 5.469051 4.085014 5.106924 6.097357 6.545272 5.97696 2.911088 3.849288 2.870124 3.273956 0.4412254 0.5990288 1.383886 2.613356 1.151509 -0.8621724 -1.501251 -0.8515987 2.733054 2.360624 1.96333 1.994445 2.956032 2.320641 -0.1551719 5.902187 4.876181 7.301153 8.528735 8.314371 -9999 -9999 -9999 -9999 -9999 -9999 -9999 -9999 -9999 -9999 -9999 -9999 -9999 -9999 -9999 -9999 -9999 -9999 -9999 -9999 -9999 -9999 -9999 -9999 -9999 -9999 -9999 -9999 -9999 -9999 -9999
4.948216 6.116836 5.718326 5.350766 4.414988 4.971999 3.294346 6.110631 7.591835 6.85662 5.283139 4.816877 5.874997 4.073362 1.063116 0.5412438 0.09179652 2.19779 -0.6157782 1.286411 -1.427438 0.6730176 -0.01642561 1.515983 1.916674 2.616332 1.186159 5.035668 3.7526 5.082173 4.640803 6.319748 5.597658 8.162248 -9999 -9999 -9999 -9999 -9999 -9999 -9999 -9999 -9999 -9999 -9999 -9999 -9999 -9999 -9999 -9999 -9999 -9999 -9999 -9999 -9999 -9999 -9999 -9999 -9999 -9999 -9999 -9999 -9999 -9999 -9999 -9999
5.447767 6.125362 5.215866 5.36024 4.693844 4.953148 5.156768 5.770967 5.755688 7.290053 6.660005 6.686029 6.199302 3.204864 1.287813 0.8979779 1.732086 1.332383 2.269225 1.246408 -0.6484385 -2.648936 0.8746123 1.260381 1.127635 2.054063 1.933711 4.783234 3.887937 4.80014 7.054576 6.880719 8.269594 8.568394 -9999 -9999 -9999 -9999 -9999 -9999 -9999 -9999 -9999 -9999 -9999 -9999 -9999 -9999 -9999 -9999 -9999 -9999 -9999 -9999 -9999 -9999 -9999 -9999 -9999 -9999 -9999 -9999 -9999 -9999 -9999 -9999
4.916725 6.152455 5.197583 6.069952 5.952108 6.196673 6.975817 7.404871 6.511352 5.919274 5.129993 5.825438 4.566722 3.926049 1.770891 -0.6695857 -0.08216356 0.5906054 -1.876471 0.6728614 0.5080406 -2.244062 -2.066607 0.5395881 1.560431 1.820686 3.307672 3.950847 4.15976 3.509518 7.260227 8.400716 9.070748 -9999 -9999 -9999 -9999 -9999 -9999 -9999 -9999 -9999 -9999 -9999 -9999 -9999 -9999 -9999 -9999 -9999 -9999 -9999 -9999 -9999 -9999 -9999 -9999 -9999 -9999 -9999 -9999 -9999 -9999 -9999 -9999 -9999
5.650752 5.940023 6.229088 6.259671 5.965476 6.176275 7.256505 7.512049 6.872037 3.830324 5.203475 5.417919 5.527486 4.381636 1.593221 -1.960008 1.768114 1.17919 0.9209484 -0.9900527 1.403756 0.1974642 -1.750796 1.777356 2.334151 3.452903 5.002826 4.283406 6.421465 6.473594 8.341763 8.977478 -9999 -9999 -9999 -9999 -9999 -9999 -9999 -9999 -9999 -9999 -9999 -9999 -9999 -9999 -9999 -9999 -9999 -9999 -9999 -9999 -9999 -9999 -9999 -9999 -9999 -9999 -9999 -9999 -9999 -9999 -9999 -9999 -9999 -9999
5.881064 6.314264 5.94654 6.304513 5.636765 6.886899 6.404988 6.433243 5.626225 4.926049 4.617867 4.892451 2.38167 2.770285 2.846095 1.02663 0.9316385 0.3501737 1.195579 0.3069736 1.112577 0.8909402 -0.282081 1.049691 5.087197 3.219959 5.586111 6.925857 6.458283 8.242481 9.265728 -9999 -9999 -9999 -9999 -9999 -9999 -9999 -9999 -9999 -9999 -9999 -9999 -9999 -9999 -9999 -9999 -9999 -9999 -9999 -9999 -9999 -9999 -9999 -9999 -9999 -9999 -9999 -9999 -9999 -9999 -9999 -9999 -9999 -9999 -9999
6.554295 6.097586 5.755007 5.938118 7.212299 5.955613 5.631154 5.328895 5.007644 5.393844 4.24394 6.256859 2.374774 2.45224 3.935452 3.192115 0.06788088 1.553343 1.921057 0.8816851 0.01141389 1.473791 -0.3188099 4.193925 4.948918 4.76984 6.651924 7.259573 5.832273 8.210602 -9999 -9999 -9999 -9999 -9999 -9999 -9999 -9999 -9999 -9999 -9999 -9999 -9999 -9999 -9999 -9999 -9999 -9999 -9999 -9999 -9999 -9999 -9999 -9999 -9999 -9999 -9999 -9999 -9999 -9999 -9999 -9999 -9999 -9999 -9999 -9999
5.648386 6.308546 6.207929 7.602108 6.768815 6.836673 5.428488 5.480819 4.126396 2.999739 2.746001 5.216202 4.493613 4.899034 4.228839 3.854325 0.2306441 1.812077 2.176653 1.008271 0.2175424 2.879714 4.814337 6.793746 3.757569 5.604146 8.463757 9.374612 7.990761 9.026442 -9999 -9999 -9999 -9999 -9999 -9999 -9999 -9999 -9999 -9999 -9999 -9999 -9999 -9999 -9999 -9999 -9999 -9999 -9999 -9999 -9999 -9999 -9999 -9999 -9999 -9999 -9999 -9999 -9999 -9999 -9999 -9999 -9999 -9999 -9999 -9999
7.286451 7.656729 7.709592 7.237028 5.755882 6.330897 5.828638 4.703265 2.367135 1.729378 4.213503 4.912637 3.959941 3.635369 2.552561 2.919794 0.1473966 0.01248118 1.842186 1.023225 5.179348 7.53269 7.213251 6.042866 5.752482 5.865457 6.698611 9.327915 9.542529 -9999 -9999 -9999 -9999 -9999 -9999 -9999 -9999 -9999 -9999 -9999 -9999 -9999 -9999 -9999 -9999 -9999 -9999 -9999 -9999 -9999 -9999 -9999 -9999 -9999 -9999 -9999 -9999 -9999 -9999 -9999 -9999 -9999 -9999 -9999 -9999 -9999
7.949016 7.871387 6.866489 7.137434 5.983259 6.437941 6.142253 5.099069 4.164035 4.061093 4.57002 2.846673 6.009511 4.738861 3.718363 2.564454 2.273831 0.4513039 1.122374 2.99984 5.176105 8.860562 7.263857 5.030815 9.069207 8.074042 9.373605 9.795234 -9999 -9999 -9999 -9999 -9999 -9999 -9999 -9999 -9999 -9999 -9999 -9999 -9999 -9999 -9999 -9999 -9999 -9999 -9999 -9999 -9999 -9999 -9999 -9999 -9999 -9999 -9999 -9999 -9999 -9999 -9999 -9999 -9999 -9999 -9999 -9999 -9999 -9999
8.664913 7.279931 5.727738 5.056903 5.224468 5.916425 5.645463 6.746717 5.984152 4.214787 6.611426 6.187915 6.854111 6.682632 5.462342 1.2422 2.96749 1.942326 0.3409898 6.094859 6.6903 8.882367 7.132164 8.200892 9.505196 9.89394 -9999 9.887814 -9999 -9999 -9999 -9999 -9999 -9999 -9999 -9999 -9999 -9999 -9999 -9999 -9999 -9999 -9999 -9999 -9999 -9999 -9999 -9999 -9999 -9999 -9999 -9999 -9999 -9999 -9999 -9999 -9999 -9999 -9999 -9999 -9999 -9999 -9999 -9999 -9999 -9999
8.014588 6.51423 5.956604 6.555326 6.194379 5.177668 5.679218 5.60219 5.922138 6.570196 7.55782 7.920141 7.736212 5.872491 3.007668 2.000081 3.552092 4.426845 3.035374 4.418564 8.675208 9.544561 9.523417 8.286433 9.288383 -9999 -9999 -9999 -9999 -9999 -9999 -9999 -9999 -9999 -9999 -9999 -9999 -9999 -9999 -9999 -9999 -9999 -9999 -9999 -9999 -9999 -9999 -9999 -9999 -9999 -9999 -9999 -9999 -9999 -9999 -9999 -9999 -9999 -9999 -9999 -9999 -9999 -9999 -9999 -9999 -9999
6.600988 5.749058 7.055305 5.145273 6.97628 6.527799 7.08352 5.480044 6.787183 7.242585 7.429607 8.256158 7.418424 3.369758 4.741667 3.423404 3.684162 3.853146 4.262446 6.91146 7.529009 9.884818 10.02064 8.91092 -9999 -9999 -9999 -9999 -9999 -9999 -9999 -9999 -9999 -9999 -9999 -9999 -9999 -9999 -9999 -9999 -9999 -9999 -9999 -9999 -9999 -9999 -9999 -9999 -9999 -9999 -9999 -9999 -9999 -9999 -9999 -9999 -9999 -9999 -9999 -9999 -9999 -9999 -9999 -9999 -9999 -9999
