inst/extdata/envar/asc/bio2.asc
ncols         480
nrows         353
xllcorner     -1644588.35
yllcorner     1550510.45
cellsize      10000
NODATA_value  -9999
[rows 174 to 202 of 353, columns 0 to 66 of 480]
13.90018 14.07664 14.69853 14.65388 14.58136 14.10819 13.09705 12.85853 13.79764 13.64817 12.74267 13.65266 13.83373 14.37365 14.2151 14.7208 14.24966 13.99453 13.93155 14.05475 14.34944 14.36349 14.63132 14.67442 14.44355 12.81183 9.073634 9.820448 10.91683 11.43495 12.21703 11.49337 11.837 12.40174 13.16436 12.91394 12.69431 14.89645 13.83883 12.0384 12.19032 12.8108 12.8373 12.86606 13.55967 14.07791 14.45064 13.53714 12.80066 12.91646 11.75642 11.66215 12.04038 13.5167 13.45088 13.21194 12.74558 11.47955 10.50405 11.02986 11.87515 12.23643 12.79424 11.20141 10.76062 11.32033 11.72532
13.49108 13.65755 13.93774 14.22669 14.04029 13.76717 13.88771 13.86502 14.13019 13.71636 13.26918 13.66506 14.01755 13.66043 13.22409 14.22206 13.98978 14.28967 14.31179 14.29481 14.63208 14.30966 14.3433 14.89931 14.42738 14.13376 13.32646 12.01829 11.43294 11.06203 10.87439 10.7081 13.0182 14.87511 14.41769 15.99499 15.02947 15.05159 14.48846 13.84262 13.81899 13.23775 13.14315 13.52569 15.1079 14.73699 13.82624 13.70718 13.76363 13.57705 13.26747 12.70042 12.94029 13.60192 13.91457 13.09296 12.05442 11.00692 12.003 10.7703 10.2495 10.61759 10.84899 11.05238 10.92986 11.30368 11.90393
14.08457 12.553 12.45117 14.11735 14.55251 13.64945 15.00276 13.32601 12.81496 13.1806 13.68691 13.64038 13.44693 13.79606 13.30153 13.87136 12.89234 13.46685 13.29224 13.68198 14.18374 13.50311 14.09311 13.61014 13.35535 12.21902 11.19083 10.28373 10.13056 11.50983 14.86091 14.88496 14.79902 14.36524 13.91469 14.56759 13.60534 13.40747 13.70333 14.26597 12.6781 12.40035 12.29222 12.63922 13.49282 13.12213 13.88103 14.04012 14.01455 13.4165 12.94359 13.24689 13.49963 12.6662 12.25949 12.11951 11.40797 11.24664 11.14692 11.36351 11.30879 10.67261 11.05119 11.38014 11.56231 11.53685 12.04919
13.74559 13.98037 15.1176 14.78159 13.94278 13.53691 15.29139 13.88439 13.31219 14.23753 13.95001 13.51662 12.79043 13.71774 13.93007 13.74148 12.95069 13.07992 13.08191 12.99529 13.3883 13.63574 14.38067 13.98942 11.27905 10.79385 10.23132 10.83487 11.68713 14.73651 14.7767 14.38984 14.00729 13.62562 13.19002 13.4574 13.00674 12.42672 13.06809 13.66788 12.72741 12.1417 12.68294 12.8834 13.04307 12.55596 13.12734 13.16181 12.6723 12.73571 12.9589 12.54502 12.2108 11.46341 12.39895 12.02132 11.67946 11.03739 10.7675 10.77968 11.33552 11.08321 11.44489 10.9948 11.2779 10.90398 10.78641
13.57749 13.44738 14.56034 14.48865 13.53529 14.49464 13.34733 13.632 13.38744 13.89444 13.40244 12.36184 13.50653 13.1012 11.82783 12.54215 11.26733 13.25345 12.59407 13.33389 13.8777 14.69875 14.67959 12.16495 10.65279 10.38004 11.50371 14.07046 14.50446 14.5289 13.96151 12.93027 13.83673 13.70641 13.57053 13.9112 13.43925 13.45902 13.40613 12.90604 12.2642 12.54926 12.60077 12.55293 12.31949 12.97262 12.64831 12.70669 12.02177 12.49559 12.47776 11.59304 11.94418 10.54715 11.28106 10.67573 10.99011 10.56024 10.22875 10.5648 10.44652 10.35811 10.09415 9.825001 10.2678 10.70581 10.187
13.93302 14.38773 14.59688 13.85577 14.15566 12.50801 13.42794 13.93013 14.59466 14.23871 13.39076 14.2868 14.38948 14.44526 12.26855 12.26171 12.7412 13.98004 13.92876 14.61468 14.22578 14.41439 12.68732 11.02703 11.88322 12.9515 14.52754 14.45401 13.01328 12.71623 13.32275 13.75474 13.60194 13.81899 13.69819 13.31165 12.6206 12.15333 12.45533 13.03967 12.18927 12.89627 13.12441 12.14184 12.24466 12.49928 12.48271 12.12407 11.73811 11.5946 11.92461 12.03458 11.22399 11.38654 11.0368 11.05879 10.53811 10.87405 10.6132 10.32122 10.95842 10.40234 10.01064 10.70349 9.93365 10.09228 10.33241
13.19406 14.27478 14.93012 15.00339 13.33369 12.57536 14.54357 14.69232 13.26005 13.25021 14.3661 14.03127 14.07338 13.92416 14.3821 14.20781 12.99945 11.44286 12.44898 13.36443 13.59502 13.14078 11.03695 11.39335 14.90986 15.50261 14.61369 13.10357 13.73635 14.36408 14.37188 13.60953 13.81573 13.6 12.92522 13.56954 13.5939 12.33199 12.49873 13.83451 12.02154 12.41897 12.82028 12.72599 11.97427 12.15291 12.78108 12.01231 12.12678 11.69155 11.8927 11.53431 11.57318 10.93475 11.19906 11.09676 11.1247 11.18848 10.25874 10.03129 9.915364 10.07746 10.63344 10.53573 10.34831 10.65311 10.40477
11.69986 12.21676 11.72855 14.40419 14.23703 14.56611 14.37626 13.60056 14.40333 14.07098 12.90685 13.24447 13.56582 13.61799 14.62626 14.01427 12.73873 12.21293 12.71076 12.44785 12.56709 12.23838 12.40275 11.87711 14.86691 15.17071 14.39993 11.83448 14.46601 14.68173 14.58769 14.47488 14.6973 14.75304 14.38111 13.21887 13.67676 14.37368 14.04286 13.70528 12.80428 12.98815 13.66924 13.10521 12.77849 13.26441 12.61737 12.06066 11.79781 11.76924 11.69235 12.26494 11.60854 11.00982 11.49352 10.82153 10.11298 9.967262 9.953967 10.03818 10.17229 10.54284 10.39473 10.0526 10.50127 10.76303 10.83004
13.63146 13.21419 12.69585 14.67597 14.78319 14.32402 13.03466 14.43896 13.75429 12.76061 11.85775 13.83766 14.67668 14.50823 14.26783 14.3682 14.97836 14.66413 14.3054 14.36516 14.38356 14.96182 13.03664 11.73009 14.8012 14.83191 13.33426 13.14854 14.46509 13.81257 13.96361 14.5652 15.06918 15.33243 14.55753 14.00419 13.91983 13.07627 13.44788 14.10507 14.22436 13.94382 13.21723 13.19256 12.44188 12.83205 12.18346 12.14793 12.40206 13.16167 11.87722 12.13336 11.22003 11.0022 11.01973 10.82138 11.15092 10.55583 10.30746 10.62501 10.50438 10.27006 10.27286 9.842102 9.895037 10.44891 11.28243
13.79133 14.36488 14.02084 14.76981 15.18126 13.66711 14.15997 14.37546 12.42442 12.58292 12.06767 13.71822 14.61217 12.93328 12.31505 12.84666 14.19783 15.26969 14.8227 14.86499 13.90119 14.0946 13.69676 12.8071 13.88165 14.7328 12.43727 12.95458 13.99473 13.45396 13.66154 13.57195 13.70298 14.35677 14.5033 14.55501 14.78618 14.42496 15.18271 14.13453 13.50194 12.39416 12.33742 12.40263 13.8399 12.54506 12.11905 12.81627 12.25174 13.17659 12.16764 12.07926 11.5795 11.01009 11.42935 10.98713 11.00945 10.58928 10.68196 10.23607 10.577 10.09032 10.35048 10.76586 10.18821 10.05122 9.938661
14.34727 13.6399 14.07525 15.05205 14.86178 13.88924 14.22876 14.70212 13.35114 13.87188 13.86664 13.94479 15.02775 13.96213 13.9092 13.02598 13.08987 14.08332 12.97974 12.19511 12.28436 14.8643 14.57263 14.3 15.12728 13.96181 12.91918 13.04558 13.4173 14.368 14.36274 14.00242 14.29863 14.24871 14.36197 14.72805 14.4145 14.39026 14.57958 14.43758 13.18054 13.4725 12.67403 12.76866 13.65584 14.10301 13.07343 13.44751 13.62693 11.989 11.13591 12.22526 11.27003 11.15966 11.03959 10.76388 11.41636 10.97951 10.95104 10.63305 11.08559 10.79383 10.66358 10.48831 10.68343 10.82312 10.77825
15.06 14.73787 14.70055 14.76844 14.57627 14.45083 13.60974 14.74772 15.00641 15.42832 16.30898 15.82394 16.04482 16.03156 15.31992 15.09588 14.41442 14.57684 12.24066 12.16868 11.84262 14.37055 15.46076 15.18001 14.90537 12.78818 12.15577 12.29355 12.84519 13.14783 14.62061 14.64343 14.25584 14.72767 14.43233 13.89896 13.18267 14.19778 13.28474 14.38146 13.84725 13.74435 13.62252 13.09176 13.43021 13.02343 13.6775 12.90197 12.35993 11.60731 11.08899 11.35134 12.55833 12.36573 11.85606 11.39312 10.81226 10.37422 10.45019 10.29437 11.0902 11.0375 11.09962 11.49043 10.78113 10.60639 10.92295
14.69149 14.60356 14.72987 14.37661 14.7357 14.78338 14.45281 14.96914 14.00832 14.44679 14.62398 14.41771 15.33395 15.59247 16.04042 15.35502 15.46131 15.06396 12.81028 12.71657 12.74386 14.81748 15.18851 15.0465 14.94836 12.21666 12.71448 13.3095 13.46733 14.29489 14.37557 14.27154 13.03536 12.9074 13.69947 12.62759 12.74744 13.13772 13.77766 13.76061 13.23591 13.61545 14.31541 14.89029 13.95871 12.85063 11.67971 11.70279 11.84964 11.29526 11.29871 10.8979 11.68298 11.39966 10.85484 10.81278 12.02363 10.95075 10.55191 10.80356 10.70201 10.98678 10.86607 10.96575 11.00457 10.5545 10.2372
14.77071 14.91397 15.0366 14.84838 14.52661 14.79024 15.3719 15.39516 15.83138 15.49268 15.34816 15.66186 16.11926 14.30186 14.77039 14.16722 14.39402 13.89002 14.79469 14.10697 13.31551 14.90591 14.7818 15.08975 14.57996 12.87414 13.28942 14.29416 14.34411 14.67302 14.2445 13.06566 13.9342 13.22132 12.94559 13.45197 12.98869 13.43779 13.07622 13.22529 12.43295 13.09748 13.39413 14.72321 13.18475 12.49875 12.49217 11.64077 12.50512 11.8497 11.78015 11.8015 11.70726 12.33938 10.95588 11.01025 10.54059 10.67217 11.97489 11.42887 10.85112 10.63333 10.86249 10.9776 10.95732 10.78967 10.45594
15.01145 15.19131 15.44522 15.06606 14.54126 15.19019 15.06667 14.73103 14.52649 14.45246 14.71006 14.68857 13.66903 15.313 14.67284 15.42092 14.21778 13.84637 14.50228 15.07859 14.31235 14.88439 15.12479 12.31748 13.7665 14.10606 14.99718 14.66218 14.29469 14.90096 15.08135 14.79142 13.25871 13.71734 13.31463 13.54815 13.32873 13.14707 13.4304 13.04572 12.68152 13.03679 13.87142 15.25306 12.52514 12.02047 12.42384 11.95393 12.54321 12.28663 11.57419 11.3682 11.73118 11.44482 11.4874 10.74922 11.06331 10.67092 10.72907 10.6812 11.56595 10.89208 11.39982 10.92496 11.1755 10.99562 11.08175
14.92497 15.26256 14.64366 14.25189 13.75329 14.93848 14.80274 15.04525 15.5511 15.29331 14.19292 14.20357 15.45307 15.20619 15.04382 15.28265 15.36206 14.97221 14.7378 14.87954 14.89472 14.6839 14.56624 13.41973 13.95996 14.1846 14.33763 14.23421 14.20776 14.4945 14.63368 14.3477 14.82063 15.18449 15.10812 15.2523 13.39977 13.27419 14.254 13.18465 13.2571 13.49273 14.62976 15.69212 13.2954 12.55007 12.49761 12.15505 12.67828 12.86307 11.7633 11.68745 11.85849 12.01653 11.85489 11.46961 11.50601 11.34096 11.12058 10.73202 10.85669 10.46972 11.49854 11.75708 11.16228 11.14933 11.33715
14.19514 12.72875 14.45703 12.42945 12.77197 14.50364 15.17789 14.92847 14.83254 15.72673 15.1566 14.53689 14.91399 14.71462 14.62881 14.75539 14.91245 14.92142 14.81766 14.68088 13.17491 12.75696 13.47275 14.72868 15.01599 12.68469 13.7586 14.2797 14.4935 14.52978 14.36354 14.63329 14.23902 14.31259 14.05219 14.17419 14.47309 14.90379 15.06354 13.84434 15.01721 14.45597 14.98095 12.81689 11.62527 12.19067 11.81629 12.06698 12.58918 12.22093 12.11011 12.21826 12.18498 11.94173 12.00784 11.31457 11.58277 11.39664 11.4493 11.18225 11.20009 10.85356 10.47475 12.21775 10.94542 11.07714 10.50917
15.02381 13.29334 13.524 12.43756 12.77103 14.91233 14.26028 14.52977 15.11134 15.08326 15.09619 15.08851 14.93843 15.0439 15.24902 15.46603 15.16552 15.62219 14.79818 14.5637 14.3793 14.17671 12.28727 14.3655 12.42212 14.43175 15.07141 14.80725 15.21208 14.9878 14.70195 14.49496 14.46219 14.63621 14.35151 14.19674 15.12004 14.51383 14.02738 14.55534 13.80703 14.31024 13.10035 13.34871 13.23706 12.87072 12.54273 12.17369 12.14511 12.09343 11.88369 12.02857 11.90694 11.86848 11.57567 11.71261 11.58673 11.52906 11.34659 11.32399 11.31714 10.77458 10.59631 12.22511 12.73104 11.98402 11.47778
16.26334 15.47112 14.2183 12.64387 12.3726 14.26717 15.23622 14.74465 14.69631 15.09931 15.1773 15.16478 14.80598 14.89982 14.67533 14.79179 14.59003 14.98315 14.51761 14.95301 15.83883 14.07325 13.69373 15.14507 14.50325 13.73894 12.69243 12.09489 11.50331 14.10708 15.36971 14.34763 14.25327 14.71571 14.31846 14.20917 14.95859 14.75165 14.72193 14.11256 15.34619 15.58565 13.03279 11.68809 12.98358 12.4779 12.41603 12.30966 12.14637 11.98253 12.28104 12.03364 12.22892 11.58589 11.22621 11.59793 11.51274 10.98956 10.88153 11.21524 10.96786 10.61591 11.51914 10.90688 10.20854 9.978345 10.08787
15.30539 15.69581 15.59951 14.75323 14.98508 15.30148 14.9383 13.79865 14.04837 14.80623 15.58601 14.90703 14.66878 15.03694 14.27775 14.46155 14.8616 13.86029 14.20215 15.29241 15.66897 14.11787 12.7371 14.69264 12.16021 12.85378 11.07113 14.14582 13.70747 13.39625 15.7177 15.89732 15.31525 14.51817 14.84954 14.68283 14.32242 15.01833 14.88494 13.15208 15.32367 15.40103 14.44186 13.5346 13.18527 13.3046 13.52533 12.55704 12.24985 12.25206 12.23825 11.73165 11.49454 11.59042 11.43717 11.68468 11.04565 11.03439 10.95781 11.52111 10.96582 11.68691 10.78842 10.48195 10.56919 10.29132 10.05128
14.75786 15.56698 14.59763 16.46885 16.28329 15.75222 15.71004 13.78212 13.03752 13.30183 14.78984 15.4098 15.59476 15.62645 15.32473 14.39851 14.15416 14.01356 15.64497 15.10054 14.93155 13.97447 14.34138 14.99642 14.56227 13.53486 14.8057 14.77508 15.24897 15.14899 15.53642 15.54508 15.75548 15.79426 14.80947 14.524 14.543 14.90215 14.50653 13.70718 15.32 15.09417 13.72179 14.14482 13.90304 13.56263 12.73185 12.92857 12.24421 13.28708 12.61227 11.98556 12.51695 11.95354 11.16584 12.4105 13.08422 12.64634 11.67289 11.39731 11.14182 10.24312 10.30047 10.27839 10.07281 10.36121 10.03601
14.64248 14.99642 14.62927 15.78354 15.94807 15.81749 15.82576 15.54096 14.95488 14.32541 15.37239 15.57612 15.28891 15.12557 14.56015 13.88625 14.99288 14.85471 15.66214 14.12748 14.02461 15.27536 14.69703 14.73248 15.08021 14.41354 14.13546 14.65753 15.17335 14.97638 15.19945 15.40443 15.36796 15.26124 15.42865 15.43776 15.5685 15.07327 12.81651 14.14318 15.17505 14.75815 14.23401 14.017 14.25913 14.44437 13.13853 13.14906 12.77456 12.87977 11.5054 12.10475 13.16215 12.308 11.65093 11.10978 10.68767 10.80909 11.0357 10.34262 10.76483 10.11382 10.21276 10.48653 10.32518 10.08982 9.922101
15.08907 15.20162 15.72406 16.3211 15.97767 15.12833 15.62362 15.88616 15.43863 15.29191 15.16888 15.65368 15.19805 15.07174 15.02763 14.12042 14.29322 15.23267 15.622 14.55094 14.27757 15.21132 9.477908 9.766851 13.84703 14.37328 14.0647 14.51656 14.88301 14.91761 13.99356 14.84138 15.21074 15.72595 15.84792 15.13661 16.00583 14.45063 12.69943 14.95205 15.07325 15.00647 15.21678 15.67053 14.46366 13.38399 14.08581 13.672 13.45459 13.30013 10.97459 11.74533 12.48285 11.78656 11.85272 12.03311 12.03298 11.43558 10.88851 10.6123 10.91159 10.49704 10.06831 11.02142 10.1557 10.01526 9.973493
15.27819 16.56222 15.34594 15.89157 16.46812 15.94771 15.31871 15.57255 15.51124 15.51388 15.44082 15.58778 15.40097 16.10633 15.10841 14.35507 15.56513 15.59612 15.59284 14.0143 13.64919 15.02825 14.36569 14.50864 14.68003 13.68487 13.76473 14.35787 13.64955 14.05212 12.99808 12.88848 14.0712 15.52435 16.112 14.49852 15.35502 15.23036 16.26808 15.47779 14.61541 14.90584 15.14089 14.98666 14.39407 14.04955 13.42487 13.09549 12.91597 12.67045 12.4637 12.51377 12.23276 12.43619 11.33566 11.23036 10.89943 11.15681 10.91739 10.45917 10.86406 10.46794 10.2176 10.56887 10.53427 10.996 10.05373
14.25748 15.60668 15.81892 14.81656 15.38432 15.11564 15.3678 15.44846 14.93457 15.34519 15.45133 14.55408 15.08776 14.67199 14.59883 14.78074 14.66047 14.72972 14.06517 14.01056 13.74769 14.71203 14.39971 15.22385 14.71136 14.37904 14.92661 15.14145 14.80524 13.57265 12.92894 13.98079 15.07277 14.81751 15.07491 15.48477 15.4461 15.7511 16.11987 15.38626 14.93908 13.7955 15.11641 15.27768 15.20479 13.80567 14.45681 13.08807 12.64158 12.13348 11.70483 11.82642 11.99278 11.85703 11.39354 11.23606 10.75363 10.63087 10.47446 10.3757 11.74574 10.54269 10.06863 9.763936 9.795304 9.938601 9.71855
10.84197 12.78039 13.09243 13.02068 11.91453 14.137 14.34073 14.65621 14.94975 14.70612 15.14653 14.40037 12.59455 14.12805 14.20315 11.48286 11.47653 10.97782 11.64773 12.41421 13.44809 13.18071 13.61609 14.93535 14.44126 13.46097 12.08811 12.99697 13.91827 13.44405 11.55398 13.49873 14.73431 15.61773 14.97837 15.36449 15.5472 14.36075 14.64571 15.36852 15.65697 15.728 15.72204 14.44065 13.5194 14.87023 14.60993 13.98434 12.15184 11.46418 10.56811 10.68437 11.24561 10.60481 10.75979 10.51741 10.57149 10.51687 10.57008 10.41063 11.02824 11.0231 10.14808 9.57143 9.969713 9.496463 9.755391
9.691513 12.34576 12.28943 11.80691 11.77311 10.86762 11.97928 13.06124 13.87733 13.92538 14.39123 14.54974 12.60881 13.652 11.07213 11.81389 11.81252 10.24086 10.24002 9.910208 9.508958 10.22416 10.81536 10.94215 10.3665 10.39414 12.9255 13.28376 14.41062 12.75376 12.80919 15.13839 14.25351 14.96263 15.16798 15.29733 15.46385 14.36258 14.59283 15.08431 15.51551 15.47899 15.7994 15.6784 15.32358 13.01402 12.52456 13.1513 11.86683 11.522 11.18154 10.65471 10.75931 10.57221 10.46382 10.40829 10.15535 10.35641 11.47592 11.54977 10.08462 10.67541 10.09462 9.577553 9.709827 9.546461 9.332353
10.00497 10.48701 10.77942 11.06611 11.20607 10.33702 10.34567 9.8729 12.19192 14.12207 14.51337 14.43637 14.12397 12.10756 10.85987 11.94051 11.67733 10.65331 10.9467 11.51108 12.31644 11.41615 10.79533 11.08969 12.98922 13.35026 14.26164 12.47581 13.90023 14.368 14.72312 13.8649 12.75216 13.30238 13.6866 14.54879 14.85392 12.91328 14.60379 14.14118 14.59798 14.84619 14.74008 14.92548 14.34839 14.76217 12.49086 12.34694 11.50381 11.28162 11.67815 11.58516 10.52911 10.80789 10.75013 11.09361 10.70236 10.06369 10.29867 10.8799 10.51944 10.2025 9.945184 9.505777 9.60939 9.334717 9.267383
9.432203 9.769389 10.18329 10.18447 10.90658 10.4932 10.65321 10.59093 12.59816 13.56223 13.84629 10.88243 11.51825 13.65124 10.85859 11.15309 11.54321 10.6277 11.67863 11.45755 11.15818 10.57693 10.39703 10.2677 11.43379 10.59692 10.4623 11.27477 11.88985 13.0342 12.82737 13.72184 13.75234 13.02264 13.76155 13.71908 14.26599 14.57174 13.87396 13.72031 14.88971 15.11577 15.68093 15.68181 15.72542 14.79058 14.20538 11.96625 10.65943 10.61992 10.30207 10.43634 10.65885 11.13586 10.90766 11.04688 10.41741 10.31302 10.31305 9.95075 9.85969 9.88604 9.610716 9.221398 9.166383 9.346493 9.167822
