inst/extdata/envar/asc/bio2.asc
ncols         480
nrows         353
xllcorner     -1644588.35
yllcorner     1550510.45
cellsize      10000
NODATA_value  -9999
[rows 0 to 28 of 353, columns 335 to 401 of 480]
12.10638 11.97805 12.39889 12.39543 12.45368 12.73354 12.84432 12.86873 12.90487 12.64855 12.80618 12.76705 12.82931 12.71801 12.32042 12.07802 11.86378 11.90328 11.87862 12.10527 12.1145 12.10897 12.1764 11.58959 11.75223 11.69313 11.96104 11.92814 12.06556 11.80035 11.87331 11.85889 11.68367 11.66006 11.86421 12.21513 12.25731 12.24464 12.10496 12.17333 12.19255 12.54132 12.83503 12.61977 12.87843 12.86545 13.41054 13.88438 14.40734 14.71421 14.61396 14.23214 14.84701 14.86064 15.05053 14.95911 15.14113 15.27726 15.41972 14.30438 14.19311 14.43698 14.38004 13.72285 13.32671 12.57735 11.49136
11.99879 12.25133 12.41381 12.45785 12.63664 12.67537 12.75626 12.88309 12.90451 12.53371 12.72762 12.2993 12.71953 12.48954 12.02027 12.05859 12.08073 11.92135 11.94624 12.11235 12.04671 11.83797 11.9288 12.10741 11.81785 12.19736 12.13412 12.01149 11.83206 11.81987 11.78117 12.07167 11.90119 11.91473 11.7286 12.13071 12.06312 12.11283 12.07239 12.24286 12.25279 12.37309 12.56227 12.63793 12.87039 13.10275 13.47829 13.48852 13.85177 14.6379 14.08317 14.32131 14.54835 14.5268 14.69889 14.72002 15.0707 14.91842 15.07587 14.42402 13.77057 14.50505 14.13943 13.6151 12.94418 12.38305 11.68182
12.19216 12.40264 12.45991 12.48248 12.46253 12.62536 12.42065 12.59305 12.76218 12.64121 12.63331 12.30443 12.65868 12.46691 12.19771 12.12143 12.38955 12.05814 12.29886 12.56454 12.25282 12.0284 12.10572 11.88466 11.85859 12.16008 12.06987 11.92115 11.58819 11.64165 11.65738 11.66684 11.71825 11.76776 11.40022 11.92439 11.87182 11.96905 12.13961 12.21633 12.26847 12.23776 12.31113 12.41234 12.76009 13.24192 13.27665 13.3462 14.07452 14.2259 14.13909 14.30275 14.06518 14.2122 14.74258 14.80065 14.91804 14.95707 14.5497 14.21847 14.4194 14.1281 13.54955 13.30809 12.77733 12.36293 -9999
12.32095 12.35382 12.37014 12.41501 12.478 12.54408 12.64424 12.65234 12.64947 12.38872 12.10997 12.28292 12.23094 12.33154 12.26468 12.571 12.71614 12.64169 12.23125 12.39318 12.21349 12.39628 11.71557 11.62243 11.69466 11.82884 12.0075 11.86246 11.72625 11.73422 11.57672 11.82302 11.82697 11.72441 11.53372 11.56616 11.81812 11.96501 12.03146 12.13235 12.10922 12.2274 12.31 12.229 12.78497 12.82875 12.59913 13.04124 13.76563 13.8822 13.76206 13.93736 14.1341 13.86621 13.78593 14.30105 14.59603 15.02579 15.15183 14.98988 14.21226 13.81139 13.36129 12.47095 12.53523 11.39744 -9999
12.31058 12.30115 12.2628 12.30124 12.47332 12.48174 12.63986 12.77902 12.77031 12.28954 12.31943 12.18122 12.24131 12.16066 12.15697 12.51649 12.66805 12.7881 12.55066 12.44124 12.55614 12.1758 11.96295 11.62756 11.6531 11.8394 11.66657 11.71318 11.9353 11.69304 11.48304 11.49894 11.44486 11.30261 11.40465 11.41585 11.66192 11.89117 11.79597 11.87167 12.03925 12.23117 12.13184 12.31365 12.25173 12.05584 12.43132 12.92375 13.13645 13.49696 13.56962 13.59306 13.67981 13.75297 13.65906 13.74685 13.53343 14.08735 13.28137 14.05029 13.5858 13.73808 13.25124 12.45878 11.33125 -9999 -9999
12.46453 12.46933 12.43426 12.51743 12.41813 12.29543 12.61535 12.73542 12.13618 12.18278 11.94931 12.03821 12.16017 12.26473 12.51895 12.546 12.58065 12.82031 12.82553 12.63882 12.58391 12.41957 12.20002 11.73972 11.7465 11.81929 11.63176 11.88376 11.7296 11.41726 11.53385 11.13914 11.43029 11.39283 11.67728 11.46434 11.49174 11.42334 11.5457 11.52854 11.74154 11.69125 11.71181 11.53193 11.5072 11.81154 11.93882 12.44311 12.73398 13.03502 13.12439 13.29704 13.43037 13.54885 13.70368 13.7439 13.37529 14.1492 14.25166 14.04993 13.71305 13.40825 12.62333 11.76199 -9999 -9999 -9999
12.38962 12.44811 12.38899 12.45381 12.444 12.53312 12.30408 12.67486 12.31561 12.26099 12.09699 12.1207 12.36197 12.54321 12.61099 12.88273 13.01389 13.10114 13.03653 12.8202 12.8851 12.56104 12.17557 11.9364 11.80663 11.6993 11.78855 12.11745 11.59613 11.30117 11.46122 11.39694 11.08306 11.19815 11.30707 11.46939 11.45356 11.38627 11.29241 11.43563 11.2934 11.36213 11.41181 10.98766 11.06771 11.37825 11.79916 12.06456 12.40509 12.65332 12.80261 13.01445 13.02704 13.00885 13.33548 13.09899 13.05558 13.37885 13.31019 13.17053 12.76397 12.4552 12.59855 -9999 -9999 -9999 -9999
12.40222 12.3826 12.4088 12.42609 12.36798 12.3596 12.41321 12.37648 12.20864 12.00918 12.01802 12.23203 12.36686 12.43907 12.31321 12.62807 13.05166 13.11712 13.04235 12.81003 12.95276 12.53191 12.43346 11.91679 11.8692 11.71991 11.696 11.70162 11.69291 11.76865 11.39443 11.27742 11.08974 11.13051 11.10716 10.86161 10.8402 10.88029 11.10806 10.90965 10.76004 10.8719 10.80008 10.70322 10.69452 10.85582 11.40524 11.48943 12.0928 12.27194 12.25825 12.47677 12.69242 12.66425 12.92335 12.83554 12.68128 12.45888 12.82577 12.31985 12.45893 11.40309 10.59745 -9999 -9999 -9999 -9999
12.41727 12.39118 12.39041 12.53827 12.42515 12.10799 12.13182 12.17485 12.42981 12.30688 12.12201 12.15538 12.26684 12.15152 12.35671 12.67473 12.88049 13.10524 12.65302 12.61758 12.79211 12.39597 12.05562 11.88772 11.62385 11.62574 11.62493 11.4599 11.68749 11.44179 11.40216 11.12182 11.09538 11.24385 11.10852 10.61364 10.60338 10.50579 10.42357 10.29387 10.04713 10.44963 10.40243 10.13232 10.26485 10.48875 10.74822 11.29456 11.68135 11.89825 11.95138 12.44332 12.69548 12.43761 12.3639 12.23113 12.38517 11.93751 12.19954 12.23813 11.01775 10.52286 -9999 -9999 -9999 -9999 -9999
12.34708 12.39862 12.27085 12.27458 12.14179 11.95662 11.96722 12.05848 12.46473 12.24964 12.02451 12.3285 12.23341 12.11379 12.30493 12.43327 12.51746 12.31671 12.58037 12.57018 12.74428 12.04348 12.10821 12.02563 11.75618 11.5994 11.56988 11.71981 12.22029 11.82228 11.2121 11.11926 11.08299 11.26157 11.1281 10.75095 10.52151 10.28744 9.980621 9.754813 9.443789 9.930762 9.918876 9.708806 10.63787 10.49495 10.67021 11.15477 11.45326 11.29016 11.72421 11.8933 12.04788 11.9485 11.89832 11.89473 11.87719 10.91705 11.0218 11.13788 10.25565 -9999 -9999 -9999 -9999 -9999 -9999
12.44149 12.20639 12.07161 12.21818 12.11329 12.13036 11.90283 11.87973 12.65104 11.94207 12.00478 12.38799 12.18467 12.20571 12.33054 12.43786 12.36952 12.04539 11.7043 12.18195 12.3124 12.16094 12.0886 11.98678 11.96247 11.93668 11.45854 11.5848 12.13191 11.96326 11.29026 11.21074 11.07836 11.21968 10.94837 10.77962 10.38405 10.23211 9.649451 9.234817 9.450959 9.517138 9.431386 9.718152 10.00596 10.03604 10.33625 10.62428 10.93262 11.25488 11.45928 11.74573 11.56357 11.33727 11.71219 11.66239 10.67073 10.32156 11.50696 10.30733 -9999 -9999 -9999 -9999 -9999 -9999 -9999
12.26461 12.08556 12.38327 12.43824 12.28583 12.06443 12.3146 11.83211 12.24391 12.18017 12.19028 12.01831 12.15186 11.99794 11.97643 12.18861 12.2541 11.77975 11.94075 12.00002 12.00515 12.13235 12.20433 12.00819 11.93428 11.81833 11.74596 11.5433 11.47874 11.67939 11.37329 11.34284 11.17421 10.96104 10.87073 10.55026 10.30357 9.829289 9.491127 9.029528 9.142612 8.639188 8.717598 -9999 9.040282 -9999 9.937196 10.38342 10.72845 10.7115 10.78051 10.97985 11.22838 11.10373 11.45847 10.75182 10.19241 9.842336 10.36734 9.470466 -9999 -9999 -9999 -9999 -9999 -9999 -9999
12.24707 12.24202 12.1929 11.93607 12.29882 11.97054 12.00294 12.1808 11.87863 12.24402 12.28098 12.12123 12.03674 12.36497 12.37566 12.26212 12.36633 11.89632 12.52745 12.51151 12.0186 12.18767 12.45618 12.35668 12.01277 11.71364 11.56405 11.58206 11.35357 11.42502 11.35548 11.22427 11.02822 10.86005 10.64941 10.1018 10.18946 9.682028 9.356321 9.311405 8.903497 8.049465 -9999 7.942796 8.128268 -9999 9.515903 9.716081 9.917994 10.40845 10.3089 10.49254 10.75878 10.73671 10.61784 10.34481 10.06765 9.347401 -9999 -9999 -9999 -9999 -9999 -9999 -9999 -9999 -9999
12.58814 12.45875 12.3655 11.97391 12.12414 12.42952 12.42362 12.51168 12.11815 11.95242 12.06073 12.29961 12.31294 12.62607 12.60246 12.53716 12.29189 12.35005 12.28868 11.98693 12.01019 12.01883 12.04749 12.11083 12.20295 11.659 11.5411 11.40263 11.46163 11.04407 11.26642 11.29198 10.94775 10.53246 10.32435 10.06637 10.21117 9.661676 9.364129 9.179712 8.84052 -9999 -9999 7.969888 -9999 -9999 8.870273 9.29296 9.471093 9.826323 10.26524 10.44485 10.28806 10.25849 10.05078 9.712922 -9999 -9999 -9999 -9999 -9999 -9999 -9999 -9999 -9999 -9999 -9999
12.52892 12.48287 12.43904 12.03115 12.08461 12.59113 12.50387 12.52689 12.10001 12.08535 12.14432 12.29094 12.56516 12.57476 12.69204 12.34088 12.08589 11.9901 11.9231 11.92484 11.9059 11.7921 12.10075 12.25156 12.26713 11.76473 12.00017 11.74549 11.27385 11.23042 11.00274 11.0884 10.92527 10.5999 10.0455 9.81134 9.96144 9.28479 9.299746 8.745598 8.413054 -9999 -9999 -9999 -9999 -9999 -9999 8.724383 8.99452 9.445859 -9999 9.553201 9.883246 10.18626 9.609072 -9999 -9999 -9999 -9999 -9999 -9999 -9999 -9999 -9999 -9999 -9999 -9999
12.38466 12.158 12.16749 11.74234 12.18314 12.57624 12.59842 12.42164 12.01054 12.19075 12.07747 12.07775 12.39551 12.79683 12.7776 12.51793 12.0056 11.89051 11.82571 11.90531 12.00949 12.09313 12.28523 12.50566 12.17238 12.26388 11.90592 11.57305 11.24065 11.24957 10.95056 10.79298 10.53831 10.37629 10.15171 9.628824 9.500667 9.40987 9.281491 8.834219 8.276312 -9999 6.967559 -9999 -9999 -9999 -9999 7.95 -9999 -9999 -9999 8.908405 -9999 9.270825 -9999 -9999 -9999 -9999 -9999 -9999 -9999 -9999 -9999 -9999 -9999 -9999 -9999
12.31622 12.11982 12.28529 12.24098 11.74032 12.6829 12.80372 12.30197 12.15033 12.25233 12.10988 12.29366 12.36146 12.35908 12.8227 12.48856 12.07113 12.16075 12.2627 12.02051 11.99623 11.86646 12.10398 12.17676 12.43026 11.94179 12.21639 11.61524 11.37662 11.02785 10.88919 10.88747 10.34216 10.03172 9.873561 9.721169 9.562231 9.00425 9.054572 8.954715 7.737893 -9999 6.984942 -9999 -9999 -9999 -9999 -9999 -9999 -9999 -9999 -9999 -9999 -9999 -9999 -9999 -9999 -9999 -9999 -9999 -9999 -9999 -9999 -9999 -9999 -9999 -9999
12.29184 11.65037 11.87357 12.05682 11.98482 12.54483 12.40094 12.49612 12.08565 12.13005 12.27475 12.54412 12.6008 12.70586 12.79069 12.64851 12.45585 12.66175 12.03016 12.21279 12.15841 12.16457 12.06603 12.32026 12.2791 11.81399 11.85822 11.4861 11.13846 11.09099 10.90401 10.70928 10.31066 10.30289 9.842747 9.533647 9.453393 8.999349 8.931019 8.73891 -9999 -9999 -9999 -9999 -9999 -9999 -9999 -9999 -9999 -9999 -9999 -9999 -9999 -9999 -9999 -9999 -9999 -9999 -9999 -9999 -9999 -9999 -9999 -9999 -9999 -9999 -9999
12.01805 11.90441 11.94844 11.93061 12.35888 12.14935 12.45604 12.26857 12.09824 11.88679 12.16128 12.4728 12.65385 12.65702 12.66641 12.73461 12.84685 12.32611 12.31679 12.45618 12.1584 12.29548 12.09466 12.30477 12.37947 11.86453 11.65816 11.51047 11.52986 11.02602 10.67139 10.72317 10.57717 10.15756 9.860579 9.725946 9.391149 9.206965 8.961327 7.686129 -9999 -9999 -9999 -9999 -9999 -9999 -9999 -9999 -9999 -9999 -9999 -9999 -9999 -9999 -9999 -9999 -9999 -9999 -9999 -9999 -9999 -9999 -9999 -9999 -9999 -9999 -9999
12.14715 12.34967 12.03534 12.0127 12.33058 12.44908 12.32959 12.25848 12.12275 11.91049 12.19699 12.02591 12.52589 12.70414 12.62511 12.76638 12.65502 12.28114 12.45844 12.32779 12.4459 12.06626 12.12474 12.25912 12.29841 12.21679 11.85584 11.60002 11.8393 11.26694 10.61268 10.93143 10.59385 9.960254 9.641435 9.812534 9.781778 9.571157 8.988463 -9999 -9999 -9999 -9999 -9999 -9999 -9999 -9999 -9999 -9999 -9999 -9999 -9999 -9999 -9999 -9999 -9999 -9999 -9999 -9999 -9999 -9999 -9999 -9999 -9999 -9999 -9999 -9999
12.17477 11.84688 12.52004 12.49481 12.20626 12.52905 12.46968 12.35866 11.91122 12.10261 12.02703 12.25284 12.35044 12.34599 12.04315 12.24735 12.22427 12.15348 12.31213 12.09883 12.49324 12.2797 12.13825 12.7817 13.00414 12.71425 11.65785 11.80791 11.64054 11.20926 11.22726 10.81973 10.55682 10.21005 10.11927 9.694264 9.37532 9.114474 8.575 -9999 -9999 -9999 -9999 -9999 -9999 -9999 -9999 -9999 -9999 -9999 -9999 -9999 -9999 -9999 -9999 -9999 -9999 -9999 -9999 -9999 -9999 -9999 -9999 -9999 -9999 -9999 -9999
12.15682 12.36305 12.31083 12.29406 12.32239 12.29178 12.2212 12.00341 12.20104 12.20355 12.08149 12.26506 12.24069 12.07167 11.89928 11.99771 12.16153 12.27786 12.24836 12.14856 11.9544 12.23183 12.4559 12.95045 12.70163 12.57224 11.98688 11.61005 12.07429 11.03324 11.30605 10.63956 10.12721 10.0332 9.865111 -9999 9.087502 -9999 -9999 -9999 -9999 -9999 -9999 -9999 -9999 -9999 -9999 -9999 -9999 -9999 -9999 -9999 -9999 -9999 -9999 -9999 -9999 -9999 -9999 -9999 -9999 -9999 -9999 -9999 -9999 -9999 -9999
12.38628 12.77739 12.43906 12.74536 12.34251 12.43805 12.34243 12.11141 11.93502 12.08364 12.2941 11.96941 11.93288 11.96505 12.39114 12.26683 12.31916 12.4213 12.34636 11.86978 12.07031 12.04532 12.62774 12.703 12.78239 12.3542 12.30607 12.02588 11.44505 11.07457 11.09458 11.01695 10.40688 9.907391 9.65438 9.273572 8.693698 -9999 -9999 -9999 -9999 -9999 -9999 -9999 -9999 -9999 -9999 -9999 -9999 -9999 -9999 -9999 -9999 -9999 -9999 -9999 -9999 -9999 -9999 -9999 -9999 -9999 -9999 -9999 -9999 -9999 -9999
12.56014 12.74541 12.67618 12.85575 12.56335 12.50388 12.08027 12.24384 11.90104 11.98835 12.56714 12.4135 12.16444 12.17495 12.28942 12.22883 12.1041 11.92463 11.86203 11.89239 12.0899 12.26592 12.67843 12.64293 11.92293 11.80614 12.18244 11.09627 11.35208 10.85268 10.85738 10.31892 10.6246 10.26725 9.769784 9.246557 -9999 -9999 -9999 -9999 -9999 -9999 -9999 -9999 -9999 -9999 -9999 -9999 -9999 -9999 -9999 -9999 -9999 -9999 -9999 -9999 -9999 -9999 -9999 -9999 -9999 -9999 -9999 -9999 -9999 -9999 -9999
12.15243 12.5966 12.58935 12.89679 12.77469 12.4594 12.44469 12.25727 12.23256 12.08894 12.06759 12.14218 11.9845 12.13321 12.25792 12.17757 12.00465 11.8271 11.8689 11.696 12.01863 12.38731 12.59924 12.2283 11.76044 11.47364 11.2365 11.09937 11.37602 11.28982 10.65633 10.32147 9.944727 9.615177 9.677379 9.268698 -9999 -9999 -9999 -9999 -9999 -9999 -9999 -9999 -9999 -9999 -9999 -9999 -9999 -9999 -9999 -9999 -9999 -9999 -9999 -9999 -9999 -9999 -9999 -9999 -9999 -9999 -9999 -9999 -9999 -9999 -9999
12.62009 12.76982 12.87761 12.91075 12.91845 12.53402 12.26054 12.25911 12.26475 12.2296 11.931 11.99771 12.1876 12.10925 12.13561 12.67465 12.12638 11.92833 11.70994 11.87025 11.9212 12.4315 12.20446 12.14674 11.69939 11.52744 11.17363 11.14404 11.66383 11.09702 10.45962 10.23024 9.873032 -9999 -9999 8.722504 -9999 -9999 -9999 -9999 -9999 -9999 -9999 -9999 -9999 -9999 -9999 -9999 -9999 -9999 -9999 -9999 -9999 -9999 -9999 -9999 -9999 -9999 -9999 -9999 -9999 -9999 -9999 -9999 -9999 -9999 -9999
12.68765 12.9342 12.73843 12.73586 12.39857 12.33209 12.34948 12.32903 12.33583 12.1891 12.23815 11.93774 11.88253 12.25578 12.33106 12.56451 12.72112 12.40337 11.74851 11.70816 11.69134 12.18626 12.44449 11.75929 11.64317 11.73143 11.36877 11.69768 11.32048 10.94517 10.17973 10.09653 9.874845 9.356307 -9999 -9999 -9999 -9999 -9999 -9999 -9999 -9999 -9999 -9999 -9999 -9999 -9999 -9999 -9999 -9999 -9999 -9999 -9999 -9999 -9999 -9999 -9999 -9999 -9999 -9999 -9999 -9999 -9999 -9999 -9999 -9999 -9999
12.71478 12.69584 12.47218 12.4202 12.41665 12.61848 12.35066 12.13013 12.42808 12.1459 12.07988 12.10788 12.03427 12.14489 12.26717 12.38731 12.55444 12.65328 12.08295 11.84402 11.59134 11.92401 12.27574 11.66673 11.45564 11.31676 10.74803 10.66023 10.70532 10.31794 10.08474 10.06148 9.2895 -9999 -9999 -9999 -9999 -9999 -9999 -9999 -9999 -9999 -9999 -9999 -9999 -9999 -9999 -9999 -9999 -9999 -9999 -9999 -9999 -9999 -9999 -9999 -9999 -9999 -9999 -9999 -9999 -9999 -9999 -9999 -9999 -9999 -9999
12.69179 12.65341 12.31286 12.39483 12.33991 12.8051 12.27209 11.9733 12.28843 12.24422 12.35082 12.41444 12.51016 12.28293 12.58632 12.66521 12.46113 12.16049 11.88811 11.89465 11.65687 11.45645 11.60301 11.51163 11.56075 11.35263 10.80253 10.87646 10.71704 10.41803 9.814474 9.785117 -9999 -9999 -9999 -9999 -9999 -9999 -9999 -9999 -9999 -9999 -9999 -9999 -9999 -9999 -9999 -9999 -9999 -9999 -9999 -9999 -9999 -9999 -9999 -9999 -9999 -9999 -9999 -9999 -9999 -9999 -9999 -9999 -9999 -9999 -9999
