inst/extdata/envar/asc/bio2.asc
ncols         480
nrows         353
xllcorner     -1644588.35
yllcorner     1550510.45
cellsize      10000
NODATA_value  -9999
[rows 232 to 260 of 353, columns 268 to 334 of 480]
8.247101 8.440051 8.578557 8.854873 8.272122 8.882755 8.447452 8.404928 8.80782 8.889311 9.54557 9.266389 8.677077 9.720887 8.79696 8.554506 8.528108 8.484409 8.572461 8.962729 9.244957 9.428713 8.879491 8.769044 8.608504 8.644756 8.498491 8.363173 8.320534 8.232985 7.605057 7.604125 7.458546 7.335722 7.418015 6.880351 6.789449 6.729657 -9999 -9999 -9999 -9999 -9999 -9999 -9999 -9999 -9999 -9999 -9999 -9999 -9999 -9999 -9999 -9999 -9999 -9999 -9999 -9999 -9999 6.351643 6.113039 6.710776 6.355562 5.603137 5.349556 5.092189 -9999
7.711001 8.693661 8.824602 8.602908 8.769504 8.632512 8.288516 8.434664 8.83885 9.347343 9.273389 9.352037 8.956559 9.579239 8.677849 8.563758 8.210246 8.733155 8.997614 8.685636 8.788079 8.733037 9.147264 8.567938 8.656182 8.481321 8.533029 8.238609 8.24361 7.859396 7.75412 7.296054 7.207002 7.229297 7.008941 6.902288 6.522034 6.863678 6.430326 6.271345 -9999 6.048141 -9999 -9999 -9999 -9999 -9999 -9999 -9999 -9999 -9999 -9999 -9999 -9999 -9999 -9999 -9999 -9999 6.490688 6.658424 6.465503 6.017805 5.721077 5.365024 5.324169 5.055576 -9999
8.150676 8.489235 8.288213 8.514807 8.902096 8.602492 8.452967 8.534048 8.77672 9.000155 9.145464 9.172712 8.523261 9.156249 8.509898 8.522783 8.734612 9.089746 8.615719 8.989261 9.286537 8.50349 9.179718 8.140824 8.843805 8.841605 8.587224 8.223126 8.066196 7.756464 7.340816 7.433638 7.112351 6.700849 6.698981 6.482774 -9999 -9999 -9999 -9999 -9999 -9999 -9999 -9999 -9999 -9999 -9999 -9999 -9999 -9999 -9999 -9999 -9999 -9999 -9999 -9999 -9999 6.34224 6.397011 6.535881 6.049011 5.683009 5.208561 5.119301 5.226837 5.999728 -9999
8.802109 8.750784 8.808802 8.828234 8.973649 8.693155 8.471796 8.507181 8.712613 8.921157 8.859407 8.520069 8.817952 9.025787 8.199181 8.165061 8.769341 7.916442 8.764935 9.479955 9.562333 9.012725 8.323307 8.750895 8.614178 8.906225 8.44593 8.478106 8.165013 7.727663 7.280866 6.950484 7.018732 6.591856 6.503707 6.327795 6.367023 -9999 -9999 -9999 -9999 -9999 -9999 -9999 -9999 -9999 -9999 -9999 -9999 -9999 -9999 -9999 -9999 -9999 -9999 -9999 -9999 6.738128 6.337063 6.255777 5.513092 5.423246 5.319697 5.315637 5.692139 6.295608 -9999
8.529644 8.937969 8.395534 8.798036 9.129725 8.467692 8.453535 8.594828 9.014863 8.414227 8.850984 9.170706 8.986782 8.659991 8.629504 8.591516 8.384624 8.343512 9.402196 8.616709 8.482107 8.582447 8.665883 8.44247 8.964662 9.078747 8.452746 8.261388 7.88778 7.845714 7.401262 7.181887 6.758585 6.355105 6.406747 6.54003 -9999 -9999 -9999 -9999 -9999 -9999 -9999 -9999 -9999 -9999 -9999 -9999 -9999 -9999 -9999 -9999 -9999 -9999 -9999 -9999 -9999 6.34001 6.248929 6.076665 5.505079 5.801497 5.131753 5.59387 5.693796 5.881811 5.586049
8.805767 8.534157 8.084341 8.596142 9.141958 8.267923 8.285851 8.614207 8.35875 8.503335 8.817 8.767138 8.463629 8.863404 8.864984 8.685878 8.654057 9.089708 9.092281 8.565149 9.114052 8.611534 8.729274 8.72543 9.096999 8.266056 8.421237 8.26885 7.843229 7.524806 7.184525 6.952017 6.614909 6.221367 6.261652 6.313454 -9999 -9999 -9999 -9999 -9999 -9999 -9999 -9999 -9999 -9999 -9999 -9999 -9999 -9999 -9999 -9999 -9999 -9999 -9999 -9999 6.662157 6.403546 5.849469 5.672017 5.634869 5.450696 5.326065 5.442439 5.251883 5.143568 -9999
8.448122 8.363586 8.091532 8.296573 8.804811 8.624423 8.50805 8.511336 8.267393 8.724134 8.898893 8.769334 8.590873 8.770616 8.913654 8.3098 8.719995 9.471975 8.497903 8.58653 8.690224 8.347953 8.97891 8.879366 8.871593 8.781851 8.256241 8.027878 7.765335 7.574219 7.209286 6.817815 6.582328 6.115578 5.896156 -9999 -9999 -9999 -9999 -9999 -9999 -9999 -9999 -9999 -9999 -9999 -9999 -9999 -9999 -9999 -9999 -9999 -9999 -9999 -9999 6.450835 6.486889 6.009627 5.546029 5.615729 5.588768 5.512409 5.530878 5.41202 5.340459 5.069046 -9999
8.852442 8.716004 8.315666 8.576202 9.047571 8.684612 8.222758 8.314095 8.661699 8.801614 8.827432 8.859442 8.66603 8.788038 8.638714 8.678164 9.115114 8.178527 8.7798 8.78029 8.639172 8.306287 8.534421 8.149667 8.467677 8.457777 8.212917 8.010679 7.650422 7.286682 7.023234 7.069505 6.60057 6.131314 5.88997 -9999 -9999 -9999 -9999 -9999 -9999 -9999 -9999 -9999 -9999 -9999 -9999 -9999 -9999 -9999 -9999 -9999 -9999 -9999 -9999 6.50637 6.355809 5.883533 5.61615 5.818269 5.831447 5.754885 5.782798 5.411901 5.229949 5.107989 -9999
8.519547 8.303998 8.049182 8.317434 8.95961 8.330297 8.353385 8.962235 8.591889 8.636622 8.230618 8.494678 8.934986 8.875055 8.435073 8.718433 9.007375 8.75602 8.908847 8.744092 8.424777 8.940667 8.471247 8.44197 8.285372 8.252278 8.200864 7.878161 7.958247 7.854306 7.242397 7.019547 6.739958 6.302395 5.986152 -9999 -9999 -9999 -9999 -9999 -9999 -9999 -9999 -9999 -9999 -9999 -9999 -9999 -9999 -9999 -9999 -9999 -9999 -9999 6.655292 6.293297 6.152992 6.104486 5.801733 6.019385 6.040059 6.312207 6.023818 5.744197 5.393995 5.115113 -9999
9.040682 8.602874 8.618847 9.021898 9.070788 8.3569 8.583874 8.756 8.621124 8.984979 8.481735 8.554076 8.480727 8.782981 8.352596 8.922334 8.942275 8.447685 8.443392 8.636501 8.939445 8.640593 8.487695 8.441329 8.047158 8.388832 7.965689 7.632859 8.032268 -9999 7.558112 6.847128 -9999 6.410924 5.745035 -9999 -9999 -9999 -9999 -9999 -9999 -9999 -9999 -9999 -9999 -9999 -9999 -9999 -9999 -9999 -9999 -9999 -9999 -9999 6.854579 7.075252 6.922089 6.197798 5.805762 5.95882 5.815562 6.294231 5.700068 5.58177 5.417283 -9999 -9999
8.709518 8.322 8.388688 8.611291 8.987619 8.468101 9.04891 8.446004 8.314787 8.305446 8.418437 8.431151 8.245877 8.326631 8.612195 8.173841 8.581349 8.737026 8.684722 8.496489 8.439406 8.535527 8.269429 8.174676 8.358334 8.375296 7.756268 8.196025 7.805987 -9999 -9999 -9999 -9999 -9999 -9999 -9999 -9999 -9999 -9999 -9999 -9999 -9999 -9999 -9999 -9999 -9999 -9999 -9999 -9999 -9999 -9999 -9999 -9999 6.874125 7.274074 7.240872 6.966791 6.252685 5.930176 5.933269 6.065236 6.322606 5.685503 5.526801 5.212161 -9999 -9999
8.277431 8.25299 8.99986 9.038802 8.927848 8.638279 8.414211 8.304002 8.406205 8.513963 8.264161 8.666838 8.245275 7.929526 8.182263 8.094733 8.682762 8.660999 8.442856 8.266901 8.123261 8.36394 8.343009 8.453176 8.544918 8.18161 8.163906 8.013036 7.479395 7.39982 -9999 6.59209 5.982111 -9999 -9999 -9999 -9999 -9999 -9999 -9999 -9999 -9999 -9999 -9999 -9999 -9999 -9999 -9999 -9999 -9999 -9999 -9999 -9999 6.64404 7.000198 7.165637 6.368665 6.170038 5.954723 5.774072 6.020938 6.117547 5.710846 5.508586 5.518674 -9999 -9999
8.110903 7.927022 8.671773 8.799707 8.118335 8.429832 8.618585 8.809824 8.328827 8.46367 8.089611 8.72052 8.545447 8.242459 8.529278 8.420036 8.238504 8.040732 8.387605 8.264423 7.934106 8.335017 8.109363 7.984362 8.143025 7.775673 7.564678 -9999 7.348922 -9999 -9999 -9999 -9999 -9999 -9999 -9999 -9999 -9999 -9999 -9999 -9999 -9999 -9999 -9999 -9999 -9999 -9999 -9999 -9999 -9999 -9999 -9999 -9999 6.969094 7.001015 7.060151 6.235858 6.292276 6.508526 5.94534 6.148242 6.002385 5.517243 5.213713 5.976898 -9999 -9999
8.292445 8.447246 8.798308 8.416799 8.216293 8.596309 8.867002 8.969034 8.614439 8.365837 8.667726 8.841519 8.391236 8.263393 8.244576 8.107146 7.994402 8.346972 8.066521 8.166968 8.286157 8.134433 7.90849 7.622185 7.927661 7.691169 7.624318 7.709049 7.430412 6.784479 -9999 -9999 -9999 -9999 -9999 -9999 -9999 -9999 -9999 -9999 -9999 -9999 -9999 -9999 -9999 -9999 -9999 -9999 -9999 -9999 -9999 -9999 -9999 7.134812 7.180648 6.81494 6.463329 6.022804 6.453621 5.974034 6.001489 5.864955 5.426789 5.505607 6.145203 -9999 -9999
8.610649 8.418362 8.473257 8.76113 8.384097 8.646179 8.978994 8.768429 8.505084 8.571609 8.649673 8.158847 7.920519 8.165035 8.064971 8.070107 8.055089 8.340159 8.065987 8.059278 7.941281 7.793573 7.580675 7.503894 7.579449 7.667662 7.608469 7.623439 -9999 -9999 -9999 -9999 -9999 -9999 -9999 -9999 -9999 -9999 -9999 -9999 -9999 -9999 -9999 -9999 -9999 -9999 -9999 -9999 -9999 -9999 -9999 -9999 6.734884 6.911057 7.13087 6.9498 6.424063 6.137246 6.019883 5.856747 6.266178 6.040864 5.404371 5.613424 5.83701 -9999 -9999
8.794656 8.44637 8.568648 8.566297 8.712176 8.662701 8.501323 8.543077 8.689701 8.402844 8.585835 8.274102 8.359333 8.069309 8.025409 7.884289 7.891293 8.062466 8.109141 7.594866 7.572241 7.783002 7.531081 7.499293 7.490742 7.44718 7.222665 7.106107 -9999 -9999 -9999 -9999 -9999 -9999 -9999 -9999 -9999 -9999 -9999 -9999 -9999 -9999 -9999 -9999 -9999 -9999 -9999 -9999 -9999 -9999 -9999 -9999 7.01108 7.040492 7.071121 7.103482 6.337777 5.814782 5.887331 5.824848 6.033415 6.154663 5.369949 5.785763 5.479956 -9999 -9999
8.414809 8.394632 8.555482 8.704352 8.688482 8.534071 8.402205 8.415587 8.468294 8.314275 7.952344 7.746203 7.837873 8.041986 7.871931 8.10289 7.750352 7.925479 7.869999 7.780892 7.650925 7.493732 7.374201 7.334672 7.428989 7.248888 7.05532 6.759505 -9999 -9999 -9999 -9999 -9999 -9999 -9999 -9999 -9999 -9999 -9999 -9999 -9999 -9999 -9999 -9999 -9999 -9999 -9999 -9999 -9999 -9999 -9999 6.410814 6.915613 7.084017 7.055274 6.959203 5.842653 5.610777 6.220271 5.859715 6.296618 6.225315 5.318629 5.890714 5.18596 -9999 -9999
8.221065 8.324999 8.743452 8.717985 8.695265 8.738694 8.374896 8.383392 8.563135 7.974586 7.797036 7.761172 8.249325 7.959747 7.71662 7.948765 8.03657 7.870845 7.677785 7.498777 7.317032 7.21174 7.161289 6.988244 6.763503 6.881929 -9999 -9999 -9999 -9999 -9999 -9999 -9999 -9999 -9999 -9999 -9999 -9999 -9999 -9999 -9999 -9999 -9999 -9999 -9999 5.191667 -9999 -9999 -9999 -9999 -9999 6.838219 6.924185 6.901414 6.967682 6.622062 5.868094 5.772537 6.079219 6.121934 6.284966 5.857715 5.369921 5.925902 5.088778 -9999 -9999
8.597037 8.544062 8.153721 8.38475 8.32726 8.498028 8.519515 8.403805 8.333687 7.6574 7.81064 8.197341 8.161484 7.858366 7.856727 7.634147 7.70274 7.69749 7.5828 7.538777 7.079466 7.252342 6.801307 6.560557 6.67542 -9999 -9999 -9999 -9999 -9999 -9999 -9999 -9999 -9999 -9999 -9999 -9999 -9999 -9999 -9999 -9999 -9999 -9999 -9999 -9999 5.50195 -9999 -9999 -9999 -9999 -9999 6.570102 7.048292 6.958233 7.056319 6.457929 5.677129 5.892135 5.956056 6.3342 6.426732 5.952512 5.301065 6.027207 4.92883 -9999 -9999
8.215335 8.237144 8.307848 8.340781 8.324369 8.318446 8.351423 8.445387 8.194013 7.569238 8.26541 7.878938 7.938856 7.6342 7.634897 7.709992 7.543482 7.313312 7.480367 7.416857 7.128765 6.807771 6.887383 6.456383 -9999 -9999 -9999 -9999 -9999 -9999 -9999 -9999 -9999 -9999 -9999 -9999 -9999 -9999 -9999 -9999 -9999 -9999 -9999 -9999 -9999 5.551409 5.679694 -9999 -9999 -9999 -9999 6.313363 7.223507 7.120571 7.096775 6.528444 5.79621 5.786201 6.127681 6.125581 6.026585 5.546347 5.29154 5.627635 4.910997 -9999 -9999
8.118996 8.314896 8.085739 8.489113 8.320788 8.308417 8.348971 8.209305 7.918426 7.796535 7.72147 7.670918 7.592754 7.527467 7.349414 7.377574 7.433636 7.447267 7.325141 7.315113 7.130704 6.666338 -9999 -9999 -9999 -9999 -9999 -9999 -9999 -9999 -9999 -9999 -9999 -9999 -9999 -9999 -9999 -9999 -9999 -9999 -9999 -9999 -9999 -9999 -9999 -9999 -9999 -9999 -9999 -9999 -9999 -9999 7.006896 7.108761 6.814292 5.829525 5.755841 5.80838 5.997956 5.923139 6.106327 5.391912 5.364001 5.148509 -9999 -9999 -9999
8.077253 7.801125 7.72098 7.893617 8.02811 8.089819 8.163555 7.736079 7.459244 7.771985 7.96498 7.597093 7.479696 7.493124 7.265314 7.200146 7.249891 7.349687 7.112852 6.946253 6.784641 6.208966 -9999 -9999 -9999 -9999 -9999 -9999 -9999 -9999 -9999 -9999 -9999 -9999 -9999 -9999 -9999 -9999 -9999 -9999 -9999 -9999 -9999 -9999 -9999 -9999 -9999 -9999 -9999 -9999 -9999 5.71974 7.144806 6.963272 6.322413 5.913833 5.852867 5.777772 5.948366 6.034303 5.582382 5.440247 5.760179 5.036307 4.933371 -9999 -9999
7.527545 7.531481 7.725779 7.946271 8.319881 8.1142 7.866017 7.582025 7.588243 7.563094 7.768493 7.52654 7.31018 7.167109 7.552384 7.350122 7.10288 6.847402 6.236543 -9999 6.402595 -9999 5.465825 -9999 -9999 -9999 -9999 -9999 -9999 -9999 -9999 -9999 -9999 -9999 -9999 -9999 -9999 -9999 -9999 -9999 -9999 -9999 -9999 -9999 -9999 -9999 -9999 -9999 -9999 -9999 -9999 6.629523 7.088057 6.992451 6.305553 6.439409 5.958558 5.924604 5.733652 6.046663 5.576827 5.323386 5.771172 5.123818 -9999 -9999 -9999
7.616518 7.851234 8.073357 7.890764 8.001266 7.912877 7.608991 7.638309 7.606034 7.374516 7.413258 7.500192 7.302122 7.364105 7.228904 7.118396 6.792272 6.615943 -9999 -9999 -9999 -9999 -9999 -9999 -9999 -9999 -9999 -9999 -9999 -9999 -9999 -9999 -9999 -9999 -9999 -9999 -9999 -9999 -9999 -9999 -9999 -9999 -9999 -9999 5.230407 -9999 -9999 -9999 -9999 -9999 -9999 6.274591 7.371116 7.494026 6.643011 6.498761 6.079589 5.810901 5.786998 5.978839 5.747656 5.196504 5.986572 4.965899 -9999 -9999 -9999
7.928487 7.574875 7.723341 7.97589 7.773633 7.500471 7.295988 7.440678 7.339214 7.342108 7.293464 7.188282 7.24488 7.038805 6.750931 6.712555 6.71822 6.254223 -9999 5.626668 5.70619 -9999 -9999 -9999 -9999 -9999 -9999 -9999 -9999 -9999 -9999 -9999 -9999 -9999 -9999 -9999 -9999 -9999 -9999 -9999 -9999 -9999 -9999 -9999 -9999 -9999 -9999 -9999 -9999 -9999 -9999 5.732334 6.845862 7.340828 6.437758 6.331467 6.299408 5.946595 5.779237 5.840708 5.5887 5.330612 5.709576 -9999 -9999 -9999 -9999
7.742665 7.576898 7.772463 7.466195 7.204823 7.381606 7.325645 7.445597 7.335658 7.281678 7.340879 7.155897 6.896643 6.776979 6.370407 6.199825 6.624175 -9999 -9999 -9999 -9999 -9999 -9999 -9999 -9999 -9999 -9999 -9999 -9999 -9999 -9999 -9999 -9999 -9999 -9999 -9999 -9999 -9999 -9999 -9999 -9999 -9999 -9999 -9999 -9999 -9999 -9999 -9999 -9999 -9999 -9999 -9999 6.906847 7.482248 6.693771 6.580857 6.776512 6.217672 5.65954 5.719716 5.300688 5.217005 5.612836 -9999 -9999 -9999 -9999
7.656649 7.491642 7.690905 7.353744 7.064483 7.205448 7.292983 7.158525 7.018993 7.177548 7.161177 6.885269 7.07509 6.885253 6.506892 6.274385 5.959853 -9999 -9999 -9999 -9999 -9999 -9999 -9999 -9999 -9999 -9999 -9999 -9999 -9999 -9999 -9999 -9999 -9999 -9999 -9999 -9999 -9999 -9999 -9999 -9999 -9999 -9999 -9999 -9999 -9999 -9999 -9999 -9999 -9999 -9999 -9999 -9999 7.268349 6.789037 6.524725 7.117225 6.746141 5.658042 5.442241 5.191419 5.246842 -9999 -9999 -9999 -9999 -9999
6.871819 7.140401 7.095557 7.056488 7.189108 7.207626 7.124234 7.048904 6.854057 6.948126 6.554982 6.615734 6.887588 6.845902 6.497203 6.197511 -9999 -9999 -9999 -9999 -9999 -9999 -9999 -9999 -9999 -9999 -9999 -9999 -9999 -9999 -9999 -9999 -9999 -9999 -9999 -9999 -9999 -9999 -9999 -9999 -9999 -9999 -9999 -9999 -9999 -9999 -9999 -9999 -9999 -9999 -9999 -9999 -9999 6.710169 7.235695 7.248117 7.185795 6.925343 5.579165 5.399656 5.239271 5.36344 -9999 -9999 -9999 -9999 -9999
7.284829 7.355273 7.104243 6.949611 7.309914 7.295705 6.885575 7.028248 6.989443 7.052909 6.778045 6.525681 6.45486 6.409844 6.129443 -9999 -9999 -9999 -9999 -9999 -9999 -9999 -9999 -9999 -9999 -9999 -9999 -9999 -9999 -9999 -9999 -9999 -9999 -9999 -9999 -9999 -9999 -9999 -9999 -9999 -9999 -9999 -9999 -9999 -9999 -9999 -9999 -9999 -9999 -9999 -9999 -9999 -9999 -9999 7.084111 7.390369 7.143157 6.975276 5.643918 5.288687 5.210842 -9999 -9999 -9999 -9999 -9999 -9999
