inst/extdata/envar/asc/bio2.asc
ncols         480
nrows         353
xllcorner     -1644588.35
yllcorner     1550510.45
cellsize      10000
NODATA_value  -9999
[rows 174 to 202 of 353, columns 201 to 267 of 480]
7.823005 8.015244 8.17417 8.041871 8.266242 8.403708 8.235991 8.312017 8.26723 8.120038 7.882455 7.811931 8.178865 7.833634 7.807768 8.155841 8.543207 8.553182 8.63612 8.215812 8.420147 8.658178 8.447312 8.742656 8.942896 8.732664 8.159084 8.398335 8.334557 8.034362 8.425571 8.354792 7.901185 8.353347 8.2912 8.492012 8.476471 8.216402 8.019457 8.140932 8.43836 8.715291 8.558333 8.422001 8.52937 8.560881 8.586408 8.524557 8.622365 8.607221 8.358675 8.126492 8.178288 8.759859 8.862638 9.007925 9.058414 9.021472 8.746747 8.531009 8.721346 8.665614 8.663525 8.610286 9.015394 8.730249 8.377242
7.878601 7.968217 8.15086 8.125254 8.08926 8.093985 8.169949 8.361786 8.512422 8.571971 8.210178 8.187033 8.363747 7.984975 8.0751 8.385124 8.114837 8.610987 8.454325 8.49009 8.22104 8.685427 8.532359 8.658478 8.3999 8.669555 8.309985 8.184538 8.226661 8.183278 8.076894 8.390345 8.068171 8.507796 8.236922 8.440979 8.043213 8.189895 8.603978 8.259018 8.259613 8.6107 8.477818 8.30751 8.465885 8.497167 8.521114 8.525495 8.590897 8.605643 8.588938 8.505761 8.497558 8.737164 8.841127 8.988325 8.987267 9.063389 8.67505 8.97456 8.730679 8.627934 8.835856 8.95106 8.927085 8.755426 8.472338
8.011383 8.100334 8.019855 8.059407 7.840501 8.162121 8.302335 8.056028 8.296931 8.380769 8.241758 8.609741 8.380421 8.44561 8.440504 8.062759 8.375526 8.352866 8.151651 8.276739 8.554558 8.521421 8.411225 8.563758 8.317798 8.628767 8.4994 8.293825 8.046127 8.180012 7.887394 8.480214 8.309904 8.450032 8.385405 8.615303 8.581156 8.037314 8.282825 7.75513 8.380788 8.417168 8.259857 8.253236 8.334721 8.505685 8.349559 8.47039 8.430389 8.558431 8.502708 8.525532 8.656225 8.70525 8.689171 8.835938 8.901125 8.690434 8.171141 8.835105 8.768398 8.816153 8.677307 8.954223 8.936574 8.499751 8.404377
7.892879 7.892501 8.029017 8.080101 8.106113 8.336123 8.427978 8.336721 8.501948 8.404031 7.987298 8.331823 8.472603 8.385329 8.363855 8.262735 8.241407 8.287404 7.883992 8.448713 8.397114 8.602741 8.440366 8.487886 8.256545 8.263905 8.339143 8.263369 8.482018 7.815589 8.256691 8.512951 8.474231 8.188046 8.313969 8.334474 8.618995 8.045373 8.140708 8.129423 8.336501 8.38991 8.19908 8.310954 8.354967 8.219805 8.134645 8.280444 7.740083 8.051037 8.302807 8.470331 8.086422 8.255871 8.254143 8.477108 8.673985 8.391345 8.696822 9.087401 9.045299 8.850638 8.569258 8.757341 8.571303 8.510098 8.692232
7.881832 7.796617 8.014821 7.932791 8.346207 8.095226 7.491638 8.180617 7.736644 8.121107 7.993094 7.89952 7.716056 8.103166 8.068938 8.308264 7.86797 7.973117 8.084021 8.362262 8.262432 8.23366 8.314578 8.270231 8.277153 8.017196 8.219576 8.213095 8.672113 8.424481 8.318241 8.293628 8.422629 8.36654 8.153578 8.23927 8.361198 8.188083 8.304348 8.167454 8.26157 8.183962 7.893285 7.906638 8.577251 8.075267 8.272825 8.594578 8.458809 7.804976 8.055453 7.840403 8.028707 8.124298 7.840725 7.842845 8.341498 8.700736 8.880272 9.007208 8.967329 8.872325 8.394347 8.683856 8.232282 8.256958 8.495696
7.935111 8.061986 7.801299 7.864519 7.936947 8.103143 7.982026 8.142703 8.133972 7.69249 8.072215 8.098857 8.148779 8.042472 7.93813 8.20421 8.213226 7.595628 7.928612 8.014484 8.216384 7.94548 8.189296 8.261969 8.230135 8.037665 8.439967 8.349659 8.586271 8.399657 8.263227 8.237275 8.149706 8.184479 8.121791 8.247566 8.288526 8.285321 8.06706 8.06617 8.03137 8.186907 8.419626 8.493377 8.246363 7.196872 7.920194 8.403769 8.386481 8.02611 7.927579 8.155821 8.236062 7.961395 8.171697 7.646997 8.180046 8.601204 8.831021 8.861072 8.856898 8.911284 8.539211 7.957473 8.262652 8.435989 8.526232
7.958967 8.045116 7.874494 7.64304 7.901271 7.441796 8.041143 7.841419 7.623179 7.94117 7.493543 7.898124 7.866879 8.053432 7.997739 8.040716 8.068324 8.07255 8.088235 8.122423 8.199808 8.062911 7.969298 8.374697 8.498441 8.43277 8.31315 8.278137 8.44517 8.326307 8.222635 8.1192 8.002616 8.021652 8.064311 8.103854 8.185025 8.288795 8.189921 8.154757 8.098729 8.279085 8.207328 8.42703 8.212512 8.198684 8.234639 7.950181 8.068987 7.864304 7.967713 7.873277 7.768231 8.168357 8.399459 8.615061 8.308756 8.303834 8.809737 8.77582 8.731129 8.781899 8.60753 8.123006 8.691987 8.725393 8.33938
7.618894 7.709943 7.792418 7.62876 7.448951 7.597516 7.734346 7.580866 7.829517 7.752163 8.020981 7.952288 7.902831 7.897069 8.145015 7.913153 8.076246 8.181864 8.21844 7.991767 8.086995 8.204351 8.145778 8.0338 8.409774 8.486305 8.161208 8.04072 8.146566 8.20892 8.011012 7.985819 7.916058 7.944117 7.936014 8.061084 8.135888 8.179011 8.022264 8.137867 8.151422 8.162051 8.163048 8.201029 8.299194 8.368272 8.115209 7.825331 7.957323 7.685324 7.916521 7.881171 8.533923 8.472387 8.296994 7.73017 8.313383 7.938773 8.018854 8.57771 8.643926 8.280997 8.693628 8.515967 8.507269 8.654728 8.199554
7.621777 7.588717 7.625344 7.8323 7.793783 7.690701 7.347046 7.650764 7.941334 7.681751 8.07195 7.823202 7.877784 8.093596 7.87182 7.996228 7.809863 7.815711 8.11205 7.878643 7.960825 7.951556 7.7818 7.94866 8.361246 8.293003 8.166052 7.961928 8.065177 7.93358 7.975515 7.872293 7.82027 7.399442 7.496705 8.007369 8.107947 8.030205 8.183576 8.10005 8.049798 8.103864 8.13538 8.194806 8.099554 8.077713 8.306274 8.357514 7.78811 7.869758 7.795113 8.299923 8.217319 7.759225 7.741135 8.260045 8.32974 8.566626 8.157098 8.460812 8.607562 8.780269 8.735654 8.65961 8.591585 8.107839 7.84139
7.108531 7.630124 7.308698 7.542213 7.654743 7.274652 7.467799 7.868257 7.789383 7.957329 7.656034 7.662534 7.713595 7.914251 7.80351 7.686312 8.104707 7.990919 7.878554 7.70479 7.702304 7.937371 7.721535 7.783868 8.096559 8.227334 8.156347 7.915868 7.751413 7.9554 7.863044 7.624331 7.289694 6.677117 6.725832 7.818824 7.94193 7.954055 8.003614 7.936963 8.035947 7.890956 7.955413 8.133916 8.024909 7.786208 7.98402 8.026607 7.880932 7.911327 8.178039 8.437882 8.35108 7.437606 7.292371 7.548339 8.325933 8.643792 8.240272 8.221681 8.043642 8.37213 8.418473 8.476696 8.120234 7.541092 8.191028
7.510366 7.312126 7.600758 7.661992 7.442316 7.397766 7.716897 7.791896 7.784394 7.653311 7.933298 7.851219 7.711267 7.932525 7.744972 7.960487 7.894201 7.890077 7.972395 7.688541 7.474633 7.445206 7.858044 7.653256 7.910428 7.995028 7.754543 7.879104 7.84722 7.902099 7.87191 7.877359 7.352676 7.800051 7.833068 7.926838 7.703094 7.848204 8.114609 7.903776 7.795218 7.073024 7.6306 7.757333 7.596937 7.734651 7.918313 7.950057 7.871514 8.345279 8.061422 8.290149 7.608522 8.1184 7.405242 8.38977 8.783692 8.735626 8.359603 7.766931 8.338018 7.792831 7.773994 8.534381 8.326753 8.377187 8.480492
7.294078 7.537674 7.522186 7.759712 7.403244 7.306174 7.592569 7.436597 7.451063 7.50956 7.849677 7.632559 7.531482 7.617433 7.790075 7.694186 7.659885 7.483751 7.519786 7.796828 7.912802 7.827841 7.639023 7.916774 7.956919 7.9279 7.582849 7.863651 8.045196 7.733811 7.690009 7.861124 7.533436 8.068757 8.044805 8.055902 7.869696 8.002992 7.913716 7.947131 7.875928 7.750387 7.833358 7.870489 7.895167 8.097233 7.972323 7.945314 8.11389 7.990174 8.176705 8.024544 8.483067 8.480504 8.725834 8.600805 8.86581 8.773964 8.620229 8.247913 8.369164 7.96127 8.245467 8.439147 8.428041 8.301927 7.420912
7.384024 7.501663 7.7157 7.413155 7.39417 7.378771 7.719833 7.581161 7.68902 7.582551 7.64952 7.485235 7.594462 7.511031 7.456713 7.704348 7.515446 7.653246 7.607667 7.87525 7.962479 8.013561 7.865364 7.80239 7.751104 7.74034 7.856189 7.824344 7.811734 7.803613 7.789552 7.653106 7.884666 7.778878 7.863958 7.97059 7.867018 7.975 7.994286 7.924669 7.993834 7.774465 7.790661 7.67101 8.004757 7.557216 7.514327 7.574884 8.021582 8.132369 7.930192 7.059429 8.547588 8.825366 8.879052 8.680137 8.286508 8.440875 8.164812 8.585037 8.458686 8.146594 7.996884 8.393314 8.077476 8.440866 8.379869
7.531359 7.58123 7.464696 7.393054 7.215805 7.417389 7.400099 7.40671 7.527814 7.411696 7.461524 7.457351 7.58552 7.379107 7.356261 7.566934 7.349444 7.735522 7.808608 7.759172 7.797297 7.800901 7.818924 7.778381 7.724509 7.778742 7.846194 7.762233 7.383252 7.723077 7.39245 7.680355 7.466434 7.38715 7.77296 7.847373 7.767459 7.767191 7.865097 7.855808 7.710338 7.680301 7.278563 7.294819 7.555228 7.335752 7.91969 7.63948 8.043394 7.291091 7.561221 8.269182 8.810899 8.870687 8.706867 8.450856 8.240969 8.35876 8.615995 8.440268 8.201983 7.466902 7.263106 7.891264 7.93655 7.457176 8.319058
7.314444 7.375013 7.390072 7.25774 7.082361 7.373663 7.277431 7.309045 7.172638 7.679784 7.944435 7.571682 7.523987 7.557247 7.731078 7.732927 7.39553 7.581908 7.380698 7.505014 7.635793 7.703327 7.766423 7.802413 7.683878 7.695427 7.926706 7.853992 7.740503 7.763578 7.750723 7.43197 7.765616 7.762479 7.561186 7.744222 7.65766 7.677874 7.736033 7.808007 7.772064 7.062064 6.337324 5.956027 7.027158 7.583333 7.812951 7.901542 8.334245 8.170528 8.362801 8.709249 8.789289 8.748975 8.581818 8.491501 8.489688 8.252599 8.54373 8.553974 8.406317 7.983842 8.38065 8.367404 8.179851 7.825057 8.113918
7.173184 7.262486 7.152723 7.463149 7.286097 7.243618 7.330306 7.427367 7.307719 7.936728 7.754856 7.619431 7.454283 7.809639 7.945575 7.957952 7.569648 7.409823 7.584379 7.808425 7.866257 7.846674 7.760442 7.879817 7.920309 7.106577 7.758433 7.816667 7.68329 7.549922 7.624384 7.515228 7.201253 7.451574 7.6623 7.753995 7.742795 7.486522 7.799881 7.706852 7.530648 6.845981 5.873282 6.279058 7.407537 7.842651 8.073075 8.232904 8.318332 8.465199 8.720087 8.562611 8.36644 8.511346 8.276563 8.41161 8.776943 8.34904 8.723624 8.540549 8.63702 8.570428 8.20753 8.165536 8.413469 8.212137 8.111708
6.997834 7.001118 7.182363 7.382467 7.241498 7.259068 7.348635 7.113044 7.24017 7.467752 7.470451 7.713865 7.611703 7.652301 7.857851 7.898899 7.9702 7.939155 7.65301 7.819736 7.732346 7.718501 7.651661 7.726204 7.770503 7.740106 7.879259 7.832114 7.673998 7.40091 7.439291 7.239406 7.359399 7.649722 7.531565 7.281502 7.507177 7.563497 7.332594 7.613588 7.652845 7.034322 6.269026 7.14132 7.395328 7.291019 8.256989 8.292349 7.914855 7.86953 7.911941 8.051365 8.542899 8.517773 8.468404 8.532682 8.329763 8.496566 8.753975 8.676969 8.704515 8.401163 8.056009 8.146618 8.088367 7.761914 7.990281
7.204918 7.041166 7.155502 7.214418 7.388217 7.135032 7.126829 7.035428 7.393925 7.293751 7.660392 7.535126 7.259627 7.581927 7.471852 7.849286 7.564094 7.816933 7.672316 7.697165 7.702428 7.662624 7.585387 7.553057 7.866102 7.341247 7.855915 7.715941 7.572823 7.14173 7.388284 7.330485 7.492815 7.56517 7.404941 7.467745 7.219003 7.076563 7.117961 7.3513 7.472538 7.392167 6.987582 7.447171 7.744826 7.814855 8.168658 7.880951 7.893589 8.183209 8.593972 8.407959 8.56759 8.669484 8.726443 8.503663 8.757321 8.823766 8.498703 8.737185 8.461458 8.290835 8.285843 8.157711 8.450605 8.00518 8.380431
6.972572 6.998423 7.189619 7.090075 7.14925 7.404311 7.528874 7.263403 7.278062 7.517308 7.503441 7.314633 7.452061 7.638683 7.610116 7.322656 7.45711 7.779462 7.660986 7.492052 7.524983 7.430852 7.370658 7.539004 7.507926 7.679537 7.755574 7.607393 7.500391 7.300385 7.465914 7.398834 7.420252 7.380512 7.343786 7.224006 7.24641 7.299276 7.333333 7.268896 7.293609 7.57416 7.239841 7.628071 7.844313 7.903096 8.060107 7.660797 8.157961 8.537701 8.613423 8.238282 8.472958 8.609666 8.40299 8.6778 8.180373 8.258666 7.651276 7.84176 8.561356 8.232237 8.533747 8.42364 8.395506 7.993606 8.094453
6.841594 7.087193 6.945426 7.096777 7.404953 7.519577 7.474853 7.53072 7.021289 7.485155 7.56931 7.571939 7.709626 7.40562 7.559792 7.649201 7.59474 7.449828 7.466855 7.616783 7.656493 7.519866 7.457106 7.492956 7.527111 7.506004 7.617069 7.658181 7.63223 7.454472 7.247895 7.33369 7.295325 7.460256 7.599549 7.378628 7.551476 7.379173 7.011992 7.025472 7.343353 7.045527 7.635027 7.347207 7.884774 7.944139 7.372686 7.618471 8.348125 8.192518 8.139638 8.227181 8.324294 8.062702 8.046044 7.376502 8.109426 7.867904 7.971299 8.192908 8.148605 7.357971 7.398775 7.521786 8.05407 8.174438 8.233915
6.983571 7.070915 7.12625 7.258316 7.51922 7.516359 7.501353 7.537166 7.685033 7.683258 7.656274 7.618839 7.715275 7.494068 7.805348 7.487886 7.45651 7.655108 7.530945 7.809442 7.795993 7.494382 7.462085 7.398534 7.672945 7.671018 7.702641 7.687095 7.54654 7.447146 7.434146 7.198313 7.241709 7.514871 7.586236 7.646125 7.05977 7.479263 7.252904 6.255129 6.960742 7.079822 7.614927 7.707797 8.084647 7.865721 7.818721 8.182137 8.423382 8.110813 8.355231 8.384509 8.025664 8.187155 8.019197 8.404338 9.094117 8.825883 8.736314 8.256171 8.196083 7.84439 7.648239 7.185148 7.995099 8.310195 8.326229
6.985154 7.256393 7.089652 7.344223 7.457499 7.645112 7.551844 7.307119 7.754677 7.650925 7.519663 7.619945 7.693776 7.950817 7.597356 7.836885 7.656362 8.051199 7.863965 7.704336 7.595318 7.561566 7.712063 7.138039 7.151515 7.666074 7.738453 7.650096 7.53861 7.414483 7.015003 7.199578 7.3071 7.398185 7.590473 7.586398 6.73685 7.602661 7.646419 6.304455 6.544274 7.198416 7.875183 7.939284 7.572831 7.655105 8.116944 8.253082 8.334286 8.401523 8.180253 8.070848 8.383913 8.580899 8.617865 8.862906 9.04714 9.030131 8.608749 8.301507 7.950216 7.592245 7.36184 7.812334 7.309467 7.728097 8.001693
7.099622 6.95134 6.892447 7.557938 7.265747 7.416768 7.30644 7.61443 7.892569 7.576497 7.712831 7.714065 7.998944 7.465452 7.834813 7.206444 7.715192 7.74263 7.447476 7.808773 7.725184 7.820199 7.658164 7.556832 7.706053 7.373024 7.67665 7.593866 7.512169 7.496323 7.226003 7.327074 7.335759 7.432846 7.314884 7.210181 7.341324 7.491264 6.421604 6.703898 6.653518 7.235761 7.857563 7.868718 7.849963 7.389358 7.823524 8.048762 7.754284 8.421 8.448057 8.095118 8.53605 8.592425 8.96982 8.883864 8.537122 8.17399 8.06779 8.201359 7.488339 7.904508 7.412745 7.833797 7.716987 8.21041 8.148956
7.094116 7.155902 7.393643 7.238514 7.267282 7.378238 7.51128 7.657499 7.483341 7.587018 8.097037 7.830104 7.636308 7.545993 8.063104 7.586886 7.558486 7.854377 7.98492 7.394621 7.670447 7.944956 7.572831 7.737595 7.798339 7.716781 7.70334 7.558496 7.602701 7.518657 7.543346 7.329973 7.339256 7.4106 7.355221 6.029414 7.179969 7.396082 6.965686 7.376268 7.002086 7.571492 7.807325 7.903677 7.988482 7.346486 7.771266 7.999701 7.475651 7.648983 8.490206 8.757107 8.822415 8.667501 8.59712 8.902163 8.477533 8.267646 8.911646 7.534515 8.236206 8.117124 8.091168 7.613069 7.893932 8.159733 8.089873
7.203441 7.239901 7.49753 7.540374 7.338428 7.571617 7.473013 7.509124 7.705276 7.897985 7.762856 8.021317 7.708275 7.63704 7.973236 8.098158 7.982698 7.875379 7.921768 7.623235 7.659339 7.914072 7.228209 7.785591 7.865611 7.767312 7.66204 7.455036 7.462248 7.040085 7.099698 7.38093 7.22629 7.171581 7.433894 7.217664 7.361839 7.181795 7.274136 7.173103 7.349319 7.740311 7.781672 7.827848 7.57705 7.32785 7.512456 8.020991 7.294831 8.339556 8.605396 8.804363 8.580305 8.157348 8.305267 8.444908 8.44727 8.868698 7.986037 7.432054 7.664043 7.481193 8.04226 8.34262 8.301542 8.199553 7.498307
7.172456 7.381975 7.473891 7.459768 7.492998 7.554714 7.578659 7.467715 7.77573 7.196746 7.756302 8.106376 7.656017 8.021422 7.940745 7.849957 7.707436 7.630727 7.693934 7.792263 7.623393 7.643758 7.574115 7.643721 7.681131 7.667788 7.565742 7.380886 7.422244 7.336306 7.08893 7.15015 7.309741 7.258168 7.316593 7.492316 7.56885 7.408333 7.36473 6.981331 7.445132 7.827604 7.831856 7.762741 7.610507 7.635052 7.968794 7.794797 8.122787 8.263468 8.545815 8.066024 7.641075 7.765163 8.708302 8.274365 8.814695 7.934224 7.421188 7.739975 7.647545 7.309223 8.27713 8.307641 8.299802 7.947923 7.152878
7.191601 7.404618 7.496748 7.459023 7.315177 7.250355 7.404419 7.725564 7.56557 7.722825 7.881364 7.850016 8.183783 7.95641 7.787758 7.294891 7.695708 7.723493 7.881199 7.513326 7.550231 7.392476 7.838938 7.779325 7.698701 7.681367 7.541066 7.564475 7.515274 7.2924 7.416952 7.128546 7.074465 6.738295 6.788067 7.4103 6.877951 7.099888 7.014655 6.840703 7.590883 7.695627 7.79166 7.676719 7.485791 7.934026 7.943101 8.056094 7.617927 8.266061 8.519073 7.779815 7.895565 8.060641 8.017361 7.855472 8.665512 7.718608 7.647767 7.705193 8.268542 8.269914 8.361898 8.215671 8.224685 7.819291 7.682273
7.284123 7.681448 7.58769 7.568467 7.371986 7.561208 7.579823 7.638265 7.734834 7.857765 7.566593 7.829852 7.85341 7.602481 7.603133 7.545367 7.725869 7.543139 7.618785 7.624518 7.612578 7.317208 7.775331 7.749202 7.738672 7.633663 7.741386 7.770412 7.755179 7.617397 7.444758 7.249565 6.813603 6.74614 7.185703 6.741596 6.619032 6.433041 6.447323 6.940301 7.592469 7.718994 7.792792 7.433578 7.676671 7.718099 8.075876 8.095769 7.934488 8.396729 8.082313 7.877985 8.117628 8.021296 7.710526 8.363697 8.065878 7.578841 7.898379 7.786817 7.957381 7.628001 7.949625 8.208038 8.073904 8.071627 8.007777
7.543013 7.705615 7.576765 7.348603 7.321081 7.620423 7.518929 7.315849 7.952143 7.914082 7.764815 8.002778 7.665188 7.301586 7.321355 7.48475 7.465289 7.758284 7.642035 7.77296 7.548799 7.674676 7.609804 7.495633 7.745532 7.757233 7.872022 7.853113 7.776318 7.764287 7.746951 7.505141 7.590816 7.669507 7.080856 7.153193 7.066877 7.132893 7.244309 7.163131 7.723674 7.566761 7.55801 7.499805 7.755467 7.778204 8.022446 8.257286 8.16348 7.882321 7.719824 7.843306 8.069678 7.670895 8.289671 7.655964 7.63272 8.378911 8.219147 8.429615 7.995195 8.25509 8.169726 8.275487 8.150893 7.994857 8.028131
