inst/extdata/envar/asc/bio3.asc
ncols         480
nrows         353
xllcorner     -1644588.35
yllcorner     1550510.45
cellsize      10000
NODATA_value  -9999
[rows 116 to 144 of 353, columns 201 to 267 of 480]
30.50636 31.06228 31.34491 30.91262 30.22564 30.24817 30.55198 30.71689 30.37114 30.49145 30.4731 29.91537 30.23174 30.49638 30.70802 30.9836 31.19337 31.26877 30.72716 31.12631 31.15068 30.69466 30.67257 30.20035 30.33733 30.30904 31.33754 31.29696 31.05563 31.74854 32.52649 32.73244 32.57351 32.35159 30.83761 31.35863 31.2185 30.72717 29.50851 29.23235 29.27156 29.73504 29.62994 29.7456 27.21594 28.82003 28.77565 28.44651 28.41986 28.42069 28.47847 28.52467 28.46556 28.69809 29.51281 29.1891 29.05811 29.00563 28.64438 28.51597 28.17492 27.63022 27.68664 27.75195 28.36521 28.35584 28.17954
31.39953 30.12742 30.39628 30.1094 30.52736 31.2796 31.16608 30.82365 30.55377 30.6565 30.10445 29.83278 28.66554 29.58775 30.70952 30.73178 30.89176 30.99776 30.55504 30.22027 31.18571 30.71432 30.04566 30.54421 31.08624 30.42646 30.32387 31.27829 31.27012 31.60032 31.42379 32.59874 32.66499 32.27282 29.75836 31.57984 31.24995 31.12274 30.70506 29.8577 28.93209 30.20599 29.81206 29.62086 29.78191 28.97721 28.40697 28.19581 28.23225 28.28015 28.54991 28.4282 28.48902 28.59769 28.91646 28.96643 29.10051 29.03115 28.53451 28.4366 28.125 27.10442 24.8207 28.34105 28.30563 28.45921 28.26932
30.93225 31.23721 30.71708 30.33683 31.46958 30.16926 30.84524 30.7235 31.15882 30.97178 30.71031 29.89518 29.26092 29.06838 30.89571 30.37631 29.85215 30.44593 31.01591 30.74761 31.0052 30.04088 29.87469 30.51526 30.7723 31.36807 30.43078 31.22501 30.87701 30.9438 31.29098 31.98077 32.35566 32.53181 31.65383 30.92703 30.99951 31.25819 31.16185 30.24748 28.7913 29.98181 29.80935 29.4306 28.88162 28.69274 28.40003 28.25244 28.04665 28.235 28.45832 28.82031 28.61694 28.61184 28.79853 28.98883 29.07006 28.87976 28.76984 28.53628 28.77786 27.808 25.85335 27.84517 28.01981 28.437 28.7844
30.06555 30.98933 30.76799 30.02704 30.36818 30.11016 29.60865 29.3551 30.52116 30.68621 30.31308 29.83276 29.09029 30.44639 30.68512 30.68516 30.41522 30.46967 31.21325 30.86865 30.32649 30.22746 30.20237 30.59105 30.96403 31.43486 30.51397 30.97702 30.80924 30.74968 31.51801 32.03054 32.13879 32.28366 32.00466 31.77964 31.25933 31.57509 31.58467 31.1983 29.44101 29.72163 29.46167 29.14986 29.73623 29.32513 28.35945 28.49267 28.60138 29.19832 28.81327 29.69009 28.51973 28.74061 28.87119 29.07331 29.00782 28.83158 28.78609 28.81528 28.64596 28.74169 28.50685 28.57918 28.66827 28.90345 29.05386
30.78564 30.99427 30.19449 29.98929 30.03599 29.95844 29.8716 30.6113 31.08754 31.02745 30.29986 29.88285 29.78843 30.98281 30.97605 29.9027 29.77858 30.67599 30.29333 30.60318 29.57067 30.30811 30.39485 30.54866 30.99927 30.67669 30.58758 30.80112 31.1349 31.03729 31.20357 30.8033 31.34249 31.44419 31.39511 31.75408 31.43723 30.93356 30.88113 30.29298 29.65085 30.03312 29.45782 29.1766 29.50236 28.81496 28.6326 28.72846 28.84939 28.90875 29.11456 29.20607 28.59094 28.80173 28.76719 28.94417 28.29459 28.58012 28.98446 29.02985 28.76481 28.77944 28.78764 28.61497 28.86747 28.95462 29.08625
30.08839 30.44335 30.20492 30.3986 29.87441 30.24924 30.60774 30.40987 30.90962 30.44228 29.49182 29.92746 30.43936 30.6691 30.62234 30.76802 30.61045 31.01584 30.67355 30.13073 30.60153 30.41318 30.59189 31.22218 30.74704 30.9695 30.72712 31.18073 30.97543 30.96638 31.35053 31.01388 31.87841 32.12091 31.82148 31.82201 31.67444 31.36539 30.25596 30.06285 29.47617 29.57785 29.25701 28.60209 29.29475 29.1306 28.76381 28.46129 28.59184 28.76204 29.43385 29.11471 28.71972 28.85532 28.92683 28.70858 28.60672 29.02658 28.84838 29.11452 28.75521 28.67591 28.65529 28.77943 28.88579 29.06466 29.27676
30.38246 30.37192 30.03281 30.78801 30.28492 29.53064 30.12249 30.01263 29.7293 28.69599 29.20367 29.27629 30.3542 30.55855 30.50481 30.3289 30.37781 30.23545 30.60754 30.7145 30.25293 29.78459 30.59765 30.64718 31.0829 30.78555 30.89675 31.302 30.74159 30.75078 30.60081 30.53502 31.59787 31.77308 31.82684 32.50594 31.79678 32.06863 30.36287 29.09571 29.59801 29.3188 28.76962 29.01869 29.14617 28.9232 28.7984 28.50999 28.61686 29.13009 28.96879 28.80674 28.79266 28.86376 28.94391 28.53023 28.78321 28.97453 28.90338 28.98429 28.94325 28.88032 28.80969 28.94075 28.99468 29.23658 29.31681
30.29944 30.16823 30.00995 30.38093 29.86104 28.83429 29.63108 29.55541 29.79677 29.29509 29.22206 29.89209 29.89056 30.23239 30.52477 29.69605 29.34014 29.75652 30.91174 30.80935 30.4756 31.34477 31.30428 30.84621 30.73388 30.55886 29.83562 29.52292 30.13947 30.55591 30.36363 30.39685 31.86922 32.23562 32.11605 32.08015 32.08208 31.45948 30.48228 29.77591 29.24862 29.59834 29.40362 29.30894 29.53987 28.86152 28.5348 28.41722 28.87477 28.63191 28.79999 28.73909 28.76076 28.78988 28.61195 28.53191 28.85233 28.9796 29.12733 29.11172 29.19286 29.10075 29.14871 28.75513 28.86633 29.03158 29.15459
29.70395 29.79937 29.85549 30.54768 30.69421 28.81661 29.504 29.04941 29.46906 28.99796 29.16077 28.93474 29.64674 29.90839 30.13584 29.15673 29.00242 30.45689 30.90106 30.86533 30.66559 30.77022 30.99957 30.67238 30.51482 30.45899 30.47391 30.26545 30.08826 29.95723 30.22732 30.40653 31.94155 31.77932 31.82161 32.3224 30.51127 30.44037 29.55141 28.26577 29.12706 29.25673 29.99232 29.76528 29.31231 28.70471 28.45794 28.53223 28.69005 28.58809 28.65618 28.65362 28.5581 28.63368 28.37367 28.68476 28.87927 28.85166 29.00833 28.86782 28.8087 28.75093 28.78652 29.02318 28.88845 28.61937 28.50912
29.85129 29.72607 29.64446 30.51361 30.59833 29.51357 29.38107 28.52511 28.6823 28.8766 29.08922 29.09097 29.68692 29.98979 30.57657 30.59246 30.57603 30.475 30.35478 30.40042 30.0978 30.2828 30.77527 29.84655 29.29127 30.28681 30.06581 30.86952 30.54486 30.08165 30.14014 31.01552 31.014 31.22044 31.20134 30.93767 29.87059 30.00846 29.07454 28.93016 30.41115 29.42855 30.0235 29.66283 28.92974 28.71486 28.83498 28.79432 28.76633 28.7062 28.77162 28.56044 28.32156 28.69196 28.81743 28.9112 28.93559 28.74335 28.76438 28.96256 29.14451 29.04335 28.81222 28.90264 28.74664 28.37605 28.08708
29.79691 29.51694 29.57342 30.31028 30.45123 30.49786 29.84712 29.03694 28.86863 29.12624 28.9015 29.99124 30.16906 29.8329 30.40087 30.31156 30.23618 30.19236 29.88264 29.72337 29.91127 30.05807 30.45764 28.66829 28.3327 29.21368 30.52894 30.94595 31.09557 30.31466 29.88523 30.54 30.81603 30.72049 30.23972 29.78476 29.58928 29.85647 29.4682 29.46341 29.42702 29.10476 29.33119 29.02291 28.94974 29.23925 29.65125 28.95225 28.93402 28.87394 28.62658 28.46427 28.53738 28.75087 28.75459 28.52715 28.71807 28.72389 28.97944 29.02125 29.1593 29.11858 28.71419 28.63719 28.7581 28.64317 28.24095
29.33752 29.22816 29.35433 30.02529 30.54728 30.97059 29.07032 28.6727 28.97268 29.67532 29.32835 29.77775 28.3021 30.56005 30.24224 30.50192 30.41725 30.4765 30.34545 30.66386 30.77135 30.80856 30.09306 28.80745 29.28952 28.97186 29.60302 29.25428 29.34966 29.41931 29.34241 29.36884 30.48037 29.93678 28.90895 29.8573 29.92583 29.97954 29.57597 29.19549 29.30707 29.11514 29.15754 29.12188 29.72897 29.67439 29.29107 28.988 28.8966 28.81596 28.78154 28.53755 28.79276 28.88108 28.69202 28.66848 28.75388 28.71341 28.98265 28.94318 29.02571 28.89975 28.32397 28.59645 28.4957 28.72672 28.38287
29.69201 30.01405 29.82819 29.9614 30.58298 30.33741 30.99796 30.54979 30.12909 29.93993 29.66603 29.41462 29.5786 30.75667 30.41493 30.6023 30.45855 30.6213 30.8773 30.71928 30.68941 29.38804 29.49722 29.92294 29.96867 29.19802 28.9726 29.54606 28.53291 28.40086 28.36006 27.98506 29.58695 29.3707 29.04304 29.78985 29.77437 29.5279 29.31133 29.17193 28.99095 29.19407 29.00321 29.74799 29.69721 29.32459 28.97921 28.99729 28.94389 28.97108 28.8741 28.6493 28.93998 29.08615 28.79897 28.78926 28.78444 28.78697 28.84064 28.73921 28.73335 28.57157 28.32488 28.55358 28.53301 28.57705 28.44022
29.71931 29.59259 29.07936 29.60319 30.30758 30.86966 31.40876 31.67738 31.4487 30.90535 30.35994 29.0463 29.96942 30.73372 31.06711 31.18589 31.41468 31.4658 30.9589 30.91425 30.17412 29.84881 30.16531 30.96449 30.45828 30.03851 29.27618 28.72102 29.04881 28.71345 28.36149 28.10534 28.90866 28.80685 29.18756 28.85107 29.00702 29.38111 29.28547 29.11514 28.531 28.84049 29.34739 29.42931 29.24977 29.1429 29.21755 28.91069 28.88523 28.78958 28.67946 28.74693 28.91812 29.0404 28.82722 28.79423 28.76752 28.78705 28.79364 28.66361 28.54323 28.73228 28.46719 28.42467 28.26851 28.44775 28.18092
28.95233 28.62416 29.1977 29.88351 29.9022 30.02374 30.89941 31.07935 31.11883 30.80595 30.62771 29.28311 30.72992 30.76787 30.98374 31.18033 31.44433 31.19259 31.13531 30.57871 29.60493 29.83746 30.55062 30.23772 30.69039 30.46217 29.98132 29.97084 29.52062 28.80439 29.19798 29.01304 28.89947 28.73101 28.90218 28.75463 28.69016 29.26225 29.03224 29.09676 28.34487 28.22411 28.83532 28.99825 28.56336 28.40288 28.759 28.96527 28.94775 28.91774 28.94725 28.96997 28.96121 28.89579 28.72391 28.8359 28.91483 28.83228 28.77084 28.75458 28.75317 28.82337 28.60917 28.54129 28.36309 28.39052 28.30429
29.86841 30.51123 30.49193 30.59933 30.13248 30.28612 30.4119 30.33977 30.73165 30.66325 30.94675 29.58902 30.8123 30.92113 30.96985 31.22949 31.16236 30.86938 30.8379 30.08777 30.05412 29.50696 29.72458 29.28623 29.55034 28.82954 29.45014 29.60336 30.12968 29.81967 28.98046 28.98527 28.71562 28.46666 28.56346 28.70317 28.72683 29.09277 28.8673 28.86155 29.4003 29.10921 28.74167 29.06722 28.94466 28.92427 28.85657 28.96704 28.82955 29.02668 28.81995 29.11345 29.04354 29.08871 29.00538 28.89201 28.54917 28.55846 28.87118 28.88925 28.79014 28.70835 28.75231 28.80245 28.87728 28.52032 28.41582
29.71704 29.64775 29.64615 29.77286 30.28767 30.38487 30.2267 30.59969 30.7974 30.61679 30.63179 30.29334 30.86826 30.96186 31.3941 31.3311 30.6473 29.11719 30.07673 29.93912 29.09515 29.05251 29.57779 29.31787 29.81504 29.18945 29.47657 28.61978 29.04778 29.47359 29.17371 28.90674 28.84158 28.68474 28.6892 28.73362 29.04994 28.76604 29.15337 29.32476 29.33989 28.95461 29.17206 28.96692 29.15326 29.82002 29.9626 29.03865 28.52379 28.71909 28.8903 29.47006 29.48642 29.46331 29.063 28.92473 28.62718 28.96461 28.84178 28.76355 28.71976 28.91139 28.8263 28.73166 28.79574 28.69576 28.53866
28.99317 28.58011 29.54363 30.23959 30.94182 30.92818 30.2773 30.34476 31.01395 30.81653 29.14237 30.741 31.25053 31.2891 31.28512 31.08759 29.30033 28.61823 30.33865 30.81147 29.66491 30.15257 30.26566 29.5299 29.78588 29.41955 30.20582 29.60462 29.53553 28.95465 28.58359 28.66194 28.76396 28.86542 28.83135 28.94766 28.64907 29.12782 29.13478 29.49459 29.23129 28.94798 29.29672 29.71803 29.61445 30.33809 30.68695 30.23683 29.36852 28.90051 28.90075 29.41474 29.49811 29.47008 29.4159 28.71025 28.3117 28.35131 28.69906 28.46718 28.7114 28.44974 28.4275 28.73655 28.7234 28.63883 28.63448
29.03087 29.6672 29.70261 29.9838 29.75695 30.28858 30.29889 30.80237 30.90281 30.57238 28.64762 30.73103 29.66429 31.05452 31.01188 29.54718 28.86508 29.96686 29.88208 29.78481 29.51438 30.03942 30.25052 31.42488 31.543 30.9639 30.53622 30.25319 29.61544 29.41428 29.1914 28.95056 28.93472 28.9396 28.89828 28.77388 29.41882 29.12924 29.31989 29.54634 29.59433 29.91756 30.38659 30.66518 30.2253 29.64989 30.55029 30.48668 29.89483 29.26054 29.09135 29.06159 29.55297 29.29498 29.43264 29.80829 29.18813 28.83134 28.86757 28.77218 28.76443 28.49256 28.67535 28.67226 28.59157 28.44495 28.258
29.29702 29.36243 29.36153 29.62489 29.40401 29.92266 30.14753 30.21146 30.38984 30.64798 29.91331 28.88336 28.65743 29.7187 30.8733 31.19414 30.68566 30.09983 29.80527 30.34046 30.81791 30.72712 31.5552 31.61202 31.33694 30.88804 30.73218 30.16781 29.68134 29.17763 28.4747 28.58269 28.56352 28.66272 28.7452 29.081 28.82854 28.83596 29.28248 29.44899 29.6991 29.94906 30.59866 30.53379 30.91424 30.56919 29.59394 29.89817 29.58794 29.39033 29.07572 29.07369 29.3842 29.11075 29.2354 29.55167 29.08924 29.03434 28.85351 28.90197 28.88498 28.73806 28.67131 28.54493 28.39559 28.28188 28.35602
29.07229 29.08152 29.21239 29.3104 29.73355 29.79846 30.62706 30.87627 30.68674 30.7467 29.1427 30.38026 30.45299 30.84469 30.98242 31.14361 30.82961 30.59624 30.54278 31.10661 30.74448 31.65348 32.06639 32.10116 32.04047 31.75628 31.26002 30.87649 30.37135 29.50024 28.65792 28.57746 28.66091 28.79786 29.17581 29.40858 29.83148 30.72337 30.17935 30.1712 29.95397 30.10383 30.16124 30.54255 30.52489 30.53713 29.66758 29.63312 29.38437 29.31175 29.22753 29.35533 29.295 29.09591 29.11262 29.18572 29.15677 28.95597 28.76677 28.81445 28.88446 28.77459 28.78049 28.38956 28.17439 28.24956 28.47471
28.72057 28.89697 29.03638 29.25008 29.47558 29.97819 31.00791 30.53899 30.25754 30.1101 29.25822 29.88 30.02309 30.01362 30.38655 31.13599 30.55579 30.41245 30.60375 30.66093 30.21059 31.73869 32.48431 31.81405 31.99483 31.67447 31.05726 30.02243 29.32605 29.88944 29.6361 29.5579 29.55722 29.95824 29.1201 29.72863 30.21834 30.15592 29.68328 29.84007 29.75128 29.92973 30.31424 30.59505 30.399 30.20972 29.35092 29.70489 29.82474 29.41864 29.28094 29.27532 29.18819 29.08829 29.14694 29.11157 29.09041 28.80493 28.91671 29.03131 28.77565 28.74896 28.43726 28.07899 28.38227 28.28082 28.13335
28.55521 28.72258 28.64052 28.98776 29.36509 29.48316 29.79913 29.69944 29.30583 28.58728 29.47646 30.41153 29.75254 30.22682 30.69735 30.46492 30.3129 30.4534 29.62401 29.18956 30.12831 31.19242 32.33724 31.60548 31.4236 30.81728 30.58374 31.03523 31.50707 30.87975 29.61088 29.96775 30.23029 30.44523 30.71006 30.71989 30.29773 30.13674 29.75293 29.36532 29.33887 29.61158 29.67088 30.20434 30.11519 29.64233 29.46591 29.76313 29.9122 29.53198 29.41059 29.31694 29.4183 29.36667 29.19981 29.17979 29.15163 29.02011 29.04804 28.99398 28.76586 28.66398 28.64862 28.47384 28.46976 28.37714 28.27943
28.51167 28.63911 28.39245 28.58721 28.71015 28.87101 26.95281 25.32253 25.08414 25.36222 27.51451 27.68694 25.96599 26.29888 27.55606 29.62474 30.60427 30.90609 31.31279 30.31934 31.36183 32.06496 31.97737 31.05923 30.84763 30.76034 31.18668 32.18176 31.38842 30.73156 29.97875 30.06915 30.32569 30.83303 30.44075 30.22331 30.15751 30.15517 30.19086 30.46071 30.54373 29.59691 29.50859 29.47836 29.45456 29.50819 29.47552 29.61234 29.63137 29.60628 29.57701 29.50642 29.27142 29.27351 29.11432 28.96825 29.12789 29.18973 29.14395 29.02772 29.26185 28.853 28.57191 28.49383 28.59965 28.42173 28.27832
28.67917 28.61447 28.57442 28.89888 29.35384 29.14628 24.98446 24.49547 26.75128 28.44171 28.92075 28.75394 28.87564 29.85243 31.53934 31.34071 30.99924 31.31688 30.8877 32.51383 32.16541 31.54177 31.7399 31.33378 29.65616 29.59034 31.29031 32.12971 31.19093 30.84009 30.54719 29.83165 30.00766 29.97228 30.08593 30.76311 30.65773 30.44241 29.9826 29.77868 30.00918 29.86334 29.52797 29.69019 29.55586 29.69562 29.73183 29.74951 29.57417 29.74508 29.52889 29.45895 29.18774 29.3067 29.20711 29.03679 28.87694 28.99249 29.1281 29.162 29.44526 29.24264 28.93412 28.59373 28.59738 28.51232 28.32709
28.79305 28.05384 28.92453 29.28443 28.85135 25.9441 26.05156 27.65225 28.07816 29.1815 29.66968 29.65604 28.94151 29.90232 31.34811 31.50644 30.8577 31.31529 30.57625 30.98177 31.13606 30.71434 30.03339 29.55339 30.40771 31.49398 32.17554 31.13176 30.48947 31.76099 31.91288 31.06528 30.49157 30.27236 29.95099 29.95341 30.67365 30.62899 30.08638 30.05169 30.06652 29.94392 29.73614 29.65387 29.68891 29.76274 29.79467 29.65252 29.57688 29.68045 29.5426 29.3329 29.21611 29.29518 29.09186 29.20978 29.18347 28.99415 28.81617 29.18799 29.14443 29.33554 29.23301 28.95581 28.8885 28.69917 28.7669
29.02552 29.51257 29.99519 30.42085 29.26372 26.38595 28.82527 29.27843 29.68589 29.57652 30.4357 30.47316 29.56138 29.80298 29.73426 30.3208 30.27179 31.48871 32.07442 31.49446 30.25351 29.35677 30.15617 30.47083 30.77556 31.52064 32.20057 31.04387 31.10386 31.0618 30.96718 30.87287 30.82511 30.84911 30.63968 30.08913 29.82383 30.4055 29.91611 29.8724 30.31649 29.65614 29.74745 29.6618 29.80755 29.90869 29.9094 29.87821 29.61045 29.64031 29.42708 29.31584 29.16586 29.21012 29.16976 29.20414 29.10863 29.00856 28.76723 29.02701 29.32561 28.99525 29.60806 29.22211 28.96882 28.78658 28.60675
29.38769 29.80949 29.49371 27.89158 26.50001 27.51033 28.21817 28.9634 30.45438 31.15223 31.23796 30.47833 30.41747 30.65546 30.40751 30.17941 31.19771 32.25542 31.71622 31.66956 30.67489 31.51348 32.18552 31.98005 32.58302 32.0155 30.88915 30.18571 30.79909 31.09472 30.61571 30.54687 30.30086 30.86264 30.8677 30.30103 29.77855 29.73953 29.50072 29.72852 29.8669 29.68979 29.54777 29.36092 29.5746 30.00524 29.96927 29.77563 29.78707 29.76647 29.41815 29.31708 29.13743 29.21543 29.17231 29.00212 29.05028 29.00381 28.81959 29.14811 29.35171 29.61812 29.46739 28.96358 28.98622 28.93267 28.88625
29.00512 29.42725 28.90257 28.20198 27.69262 28.68558 30.08751 30.78386 30.7055 29.51492 29.25018 29.92932 30.1741 30.3651 30.11732 30.28757 31.03435 31.48928 31.2149 30.38428 29.71194 30.49727 30.12279 30.26307 31.1434 31.52859 31.43737 30.99737 30.83365 30.95768 30.52633 30.73879 31.00072 31.38913 31.14616 30.60104 30.02829 29.69892 29.34875 29.51522 29.19511 29.27247 29.41566 29.41241 29.4833 29.70823 29.88731 29.50522 29.47134 29.73347 29.47131 29.38345 29.16874 28.988 29.1346 29.08779 29.14566 29.19037 28.92306 29.11827 29.40147 29.53438 29.22031 28.95669 28.68798 28.89122 28.80655
