inst/extdata/envar/asc/bio3.asc
ncols         480
nrows         353
xllcorner     -1644588.35
yllcorner     1550510.45
cellsize      10000
NODATA_value  -9999
[rows 116 to 144 of 353, columns 134 to 200 of 480]
36.72926 35.5855 35.1672 35.18916 34.4883 34.32027 34.91047 33.22387 34.01892 32.67328 30.11184 30.87838 32.19721 32.13625 31.92167 31.3755 32.12945 32.55796 32.16764 32.53244 32.02143 31.70022 31.36589 31.07988 32.2309 31.92487 32.36048 31.64473 31.70595 32.26907 31.84902 31.42121 31.88761 30.01381 32.09655 32.11148 31.86018 31.51571 31.69815 31.79256 31.66609 32.1676 31.90953 31.58351 31.92237 31.98961 31.86352 31.41097 31.34022 30.79904 30.98162 30.75912 30.68485 30.84609 30.92929 30.98091 30.96397 30.92014 31.31459 31.38366 31.32571 30.94445 30.66652 31.40102 30.77753 30.73162 30.63641
36.87959 36.63602 36.07916 35.68441 34.42695 33.3267 32.78761 31.78167 32.26257 32.07766 31.65752 30.3514 31.66761 31.81338 31.7605 31.28017 31.90523 31.85214 31.37886 32.40302 32.80671 31.7175 31.77299 32.21881 31.61587 31.36481 31.53218 31.62823 31.71674 31.92254 31.69173 31.15395 32.06312 31.8756 31.44074 30.21747 31.62538 32.13065 31.89874 31.45558 31.86031 31.5439 31.69746 31.66579 31.96526 32.11269 31.79389 31.30249 31.05323 30.88798 30.90115 30.58429 30.39914 30.41249 30.47792 30.43139 30.66454 30.99423 31.14889 31.62209 31.39858 30.37256 29.91431 30.66126 31.37073 31.21507 31.0378
34.9894 35.92129 36.52104 35.85269 34.97346 34.12709 33.90019 33.26464 32.36039 30.66244 31.25714 29.91525 31.32781 31.08685 31.19213 31.4332 31.22865 31.6469 31.58551 32.5202 32.5514 32.2848 31.51168 31.92356 31.44221 30.91952 30.72718 30.74263 31.56315 31.72562 31.82333 31.72046 31.8219 31.79184 31.95583 31.51274 31.06878 31.78209 31.63113 31.43413 31.89621 31.04208 31.2977 31.46946 31.92748 32.01423 31.73813 31.38006 30.85611 30.76334 30.58944 30.33568 30.0892 30.11974 30.16626 30.2607 30.32757 30.78817 30.85466 31.27455 31.1641 30.21203 30.35832 29.58587 29.54724 29.61837 29.93435
35.66832 34.6614 34.2178 34.54428 33.99715 34.0692 33.67972 33.70995 33.1024 32.22631 30.70456 29.73273 30.35146 31.0633 31.44226 31.3933 30.98879 31.28035 31.72291 31.69785 32.42167 31.87267 30.35203 31.08527 30.05015 30.96747 31.58948 30.70182 31.34813 31.27645 31.49651 31.28621 31.54497 31.44894 31.66357 31.67718 31.85938 31.63487 31.09431 31.59496 31.73895 31.36917 31.25583 31.60814 31.82504 31.63161 31.44443 31.06912 30.97397 30.63361 30.33496 29.99728 29.92881 30.04593 29.69902 29.91224 30.06362 30.70777 30.32349 29.88144 30.92323 29.70953 30.15987 30.07845 30.11459 29.33157 30.33606
35.6566 36.21483 36.88286 36.74973 36.81308 36.21166 35.51507 32.1684 31.72861 31.98324 31.5776 31.53994 29.89477 30.70668 31.32165 31.21394 30.66089 31.32172 31.61063 31.8648 32.27707 31.42223 30.15549 30.28765 31.24328 31.32841 30.98 31.30537 30.50577 31.24953 31.12572 30.80379 31.51292 31.34713 31.51133 30.7966 31.38509 31.36429 31.00182 30.2119 31.77066 31.80673 31.3423 31.699 31.64781 31.51471 31.35129 31.04801 30.68841 30.2084 30.07058 30.00593 29.67822 29.54182 29.46826 29.53862 29.66387 30.04829 29.68336 29.79697 29.64357 30.43737 29.60461 29.86371 30.28046 29.61698 29.69918
34.49593 33.82021 35.72632 35.8844 35.90547 36.40055 36.94233 36.5064 35.56266 30.75686 32.16533 31.32434 31.86753 31.29353 30.06686 30.40335 30.21696 30.60303 31.03299 31.7545 31.81629 30.89337 30.86602 31.36928 31.68678 32.11577 31.44777 31.45067 31.38131 30.87876 31.34951 31.31854 31.25483 30.83648 31.20669 31.09443 30.21253 30.44347 30.69711 30.15142 31.64319 31.22356 31.43142 31.62593 31.63276 30.87777 31.00363 30.79956 30.36326 30.07633 30.0647 29.66842 29.68659 29.54456 29.40339 29.38785 29.52675 29.88813 30.03151 29.41469 29.34254 29.69763 30.20488 30.37977 30.05462 29.74104 30.00665
35.68875 34.71477 35.21121 34.9016 35.12563 36.75613 35.60531 35.4674 35.42144 33.99862 32.33794 32.93668 32.93702 31.64788 31.11365 30.31083 30.66345 30.02317 29.85992 30.23522 30.58382 31.50723 31.54941 32.02535 31.97643 31.63078 31.12325 31.11402 31.13694 31.37702 30.6472 30.94478 31.10229 30.88088 31.04963 31.36146 30.95255 30.36317 30.46051 30.53109 31.53884 31.13209 31.24083 31.18445 31.34439 31.05195 31.06013 30.62768 30.5163 30.21616 29.84902 29.86557 29.40187 29.48767 29.37472 29.3923 29.14773 29.82387 30.26474 29.52536 28.67825 29.64782 29.19422 29.31309 29.43672 30.09443 30.20795
37.71597 36.23119 34.76276 35.18995 34.7459 36.09101 33.80653 34.73178 33.32685 34.79057 33.22575 32.59913 32.49186 31.49703 30.54519 30.57253 31.50802 31.44949 30.79328 30.80675 30.44039 31.19419 31.24562 31.42324 31.80052 32.00097 31.29378 30.79195 29.83272 30.60051 30.88693 30.86705 30.6561 30.81362 30.41285 30.47073 30.63683 30.84882 30.76435 30.34706 29.93023 31.05856 30.76092 31.35706 31.52269 31.48112 30.82479 30.49091 29.88106 29.54124 29.53152 29.27014 29.0778 28.59681 28.76311 28.65594 29.24416 29.54977 29.63275 29.62561 28.73135 28.86683 29.65252 29.64944 30.00294 29.05204 29.55794
37.01482 38.70072 37.46558 35.72057 33.54706 33.90105 32.34172 32.36404 32.43588 32.77503 32.58121 31.50818 32.58893 31.99768 29.91063 30.30536 31.25579 31.42322 31.81558 31.18164 30.07572 28.82093 31.43349 31.21744 31.87324 31.7416 31.09624 31.01762 30.85054 30.94044 30.48805 30.6637 30.88812 30.31064 30.47956 30.79712 30.69793 30.44369 30.81254 30.72965 31.0661 30.877 30.87623 30.92003 30.80573 30.98263 30.88859 30.32105 30.16357 29.75375 29.17007 29.14324 28.84719 28.69885 28.70259 28.62216 29.13878 29.20673 29.78205 29.36625 29.11767 28.83619 29.87518 29.58525 29.18884 28.74362 29.06826
38.23013 38.08634 37.90438 36.74482 34.64672 34.35447 34.99619 34.3775 33.02254 31.66197 30.89882 32.24187 31.68726 30.2937 29.60777 32.2183 32.08999 30.99224 31.71156 31.50247 31.4864 30.09996 29.54407 31.1756 31.61732 31.4482 31.10283 31.09569 31.03669 31.00788 30.25496 30.59005 30.39008 29.86402 29.94139 29.95871 30.42802 30.30723 30.85434 30.8885 30.88003 31.19517 30.34941 31.14148 30.96333 30.887 30.63252 30.46218 30.11043 29.56838 29.46602 28.8722 28.95853 28.22695 28.55261 28.78713 28.82724 28.90019 29.0836 29.58955 29.32846 28.73744 28.99043 29.07491 29.28852 29.23675 29.21566
37.46304 37.15049 37.16832 36.36293 35.58031 37.61515 34.56325 34.11007 34.17516 36.15673 33.21763 32.84089 32.10249 31.2225 31.26063 32.02317 32.27713 31.98655 31.41485 31.6244 32.09411 31.44423 31.24749 30.74117 31.44329 31.29671 30.97872 30.72012 31.17491 30.68458 30.43582 30.29811 30.00342 29.58698 29.94588 29.86477 29.87364 30.48762 30.45227 30.38359 30.59326 30.67408 30.592 30.64337 30.80126 30.52513 30.43427 30.38268 30.10579 29.39531 29.18549 29.0267 28.389 28.1465 28.29295 28.59924 28.55396 28.83416 29.32666 29.40838 29.28369 28.68721 29.73055 29.77394 29.19522 28.88939 29.27743
35.0106 37.79118 35.80712 36.42991 35.67813 36.73431 38.0736 37.52205 35.96594 34.18007 35.29752 32.96539 32.28679 31.99478 31.84848 32.14196 32.208 32.19122 31.64553 31.18328 31.79755 33.29332 31.74289 31.74248 31.38504 31.15701 30.52737 30.76892 30.46519 30.1755 30.22981 29.65604 29.44703 29.27768 29.50428 29.6302 29.39753 30.10025 29.97126 30.19252 30.26736 28.44837 29.85712 30.13224 30.83057 30.76514 30.67081 30.18837 29.69101 29.23289 29.016 28.504 28.75669 28.48023 28.61974 28.85675 28.71717 29.04744 29.26205 29.54837 29.77815 28.91658 28.5262 28.71706 28.27675 27.81711 28.61992
34.3848 36.38849 36.10375 37.45877 36.97815 36.7758 38.1338 38.314 37.30743 33.68684 34.15028 33.38899 33.0532 32.56487 32.02334 32.17722 32.33942 32.11432 31.72633 30.92149 31.15373 32.91987 32.37133 31.5729 31.37494 31.25357 30.66148 30.29712 30.37311 29.34721 29.32424 29.24273 28.5441 29.07276 28.73213 29.15295 29.23188 29.36072 29.74172 30.04635 29.32376 27.84832 30.6382 29.61973 29.63005 30.34657 30.27019 30.03534 29.71236 29.52552 29.27501 29.06364 28.55688 28.84326 28.81017 28.63359 28.58158 29.10407 29.02209 29.26321 29.5277 29.77273 28.33151 28.28996 28.05347 28.68799 29.11541
37.09743 37.18536 37.98365 36.46381 36.73112 37.44828 38.16282 39.01198 38.51834 36.76481 35.86625 33.73173 32.26972 32.49098 32.3638 32.60152 32.36501 31.82257 31.72776 31.17836 31.27508 32.53755 32.50672 31.99848 30.69805 30.58014 30.48514 30.35101 30.57158 29.91468 28.36498 28.70692 29.01571 28.80455 29.01943 28.94073 29.20553 29.03683 29.93708 30.14112 29.6984 27.05185 30.95009 30.54127 29.82596 30.15564 29.91925 29.9288 29.69476 29.29998 29.21911 28.95807 29.03175 28.97369 28.772 28.72865 28.50418 29.21453 29.61213 29.85035 29.54338 29.87873 28.21756 28.94837 27.94195 27.92374 29.22089
38.30937 36.99485 36.97136 35.70932 37.41502 38.63721 38.36945 38.68219 38.3172 36.29109 35.89972 33.99675 33.55055 32.00625 32.46155 32.94097 32.81142 32.58834 31.65883 31.47218 30.71913 31.81921 32.00735 31.89014 31.7234 30.91288 30.06342 29.81161 29.5813 29.2797 28.60818 28.71945 28.25127 29.16422 29.39391 28.73673 29.00718 29.31131 29.26624 29.7784 29.77161 27.46138 28.09235 30.90445 30.6235 30.00221 29.36496 30.09907 29.71631 29.53002 29.10231 28.65833 28.36743 28.48715 28.69512 28.94611 28.64555 29.26632 29.43915 29.25068 29.73643 29.24509 29.0277 28.40851 27.94711 28.63305 28.86441
38.15693 39.186 36.51495 37.01611 37.88472 38.82635 38.56956 38.39062 38.57277 38.41375 35.95734 36.26725 34.46429 33.63596 32.84101 32.16048 31.90187 32.11446 32.05893 31.89078 31.15078 31.69222 31.64096 31.61351 31.82048 31.67053 30.97668 29.89988 30.77985 30.06518 29.19342 29.3623 29.62664 29.10142 28.44762 29.12992 29.41205 28.81171 29.25375 29.43983 29.67519 30.02535 27.07747 30.15676 30.69853 29.88618 29.85729 29.31377 29.51246 29.34822 29.33039 29.37182 29.1891 29.03708 29.09082 28.83712 28.6653 28.79321 29.41968 29.20497 29.70475 29.87536 28.1522 28.15196 28.81644 29.83899 29.25748
38.42112 38.42257 38.60005 37.53193 39.01699 38.68395 38.07023 38.57142 37.35101 36.00155 35.1666 37.23194 37.9066 36.59462 35.65628 34.20398 31.85361 30.8686 32.56328 31.57873 31.21185 32.20747 31.59476 31.4732 31.25424 31.07728 31.04188 30.42196 30.72296 30.11232 30.36862 29.43684 29.49842 29.63473 29.34763 28.88576 28.91537 29.70925 29.26497 29.9959 29.2787 29.28187 27.26668 27.37205 30.24536 30.20568 29.97494 29.10457 29.45319 29.65159 29.27231 28.72065 28.71799 28.76109 28.65265 28.80617 28.89608 28.73071 28.85209 29.45284 29.659 28.76647 27.98311 28.03089 29.49827 29.19552 29.7694
39.3457 39.29892 37.90668 38.04573 38.0681 37.38755 38.82856 38.5854 37.11093 37.06489 36.83335 37.11216 37.83319 37.28858 36.76778 37.00756 34.49897 33.11811 32.38214 31.41216 31.60802 32.35034 31.71479 30.99086 31.0816 31.11067 30.67899 30.97219 30.88559 30.10978 29.97038 30.66859 29.78547 29.45648 29.0679 29.75191 28.94027 29.3288 29.6057 29.59904 29.39779 29.5769 27.56659 28.69508 28.37985 29.73186 30.04884 29.36265 29.31493 29.60372 28.99969 29.34451 29.41372 28.96807 28.9844 28.5459 28.5987 28.29605 28.94942 29.22932 28.93503 28.89873 28.29912 28.87995 29.21981 29.80859 29.48858
38.59879 38.94207 37.43549 38.08213 38.93261 39.19839 38.33054 37.88814 38.07371 38.51206 37.63904 37.93327 38.28694 38.34184 36.92237 35.95705 34.41867 34.31457 33.15621 32.47812 31.86122 31.46311 30.16269 30.47236 30.78445 30.15611 30.13363 30.88827 30.30301 30.02555 29.63556 30.60197 29.60143 28.57842 29.04556 29.2859 29.06137 28.48504 29.54102 29.96508 29.11817 29.79664 29.45924 26.95657 28.91435 28.75401 29.78101 29.7518 29.20156 28.8457 29.373 29.049 28.44703 29.14985 28.87416 28.98858 28.84004 28.44876 28.49744 28.8835 28.88747 29.55623 29.63298 28.87134 29.58398 29.6942 29.19935
39.78493 39.48945 37.72683 38.05072 39.01181 38.34337 38.54418 38.4808 39.17013 38.94448 38.56083 37.58252 37.93386 37.82648 36.99931 36.11899 34.17977 31.82505 31.85891 31.24194 30.79375 32.17666 30.93546 29.8664 31.24925 30.05798 29.36541 29.27429 29.97248 29.8054 29.75926 29.94702 29.86315 29.27567 29.41018 29.27965 29.70519 29.0775 28.81339 29.11622 29.79778 29.52062 29.83117 30.05459 26.78711 29.29498 29.82286 29.40653 29.08326 29.20418 28.4916 28.66893 28.4212 28.57628 28.88201 28.88147 28.44595 28.83152 28.55002 28.67053 28.8256 29.19208 29.61164 29.11917 29.38094 29.52018 29.13342
39.53522 39.61889 37.73826 39.52532 38.8913 38.90601 38.6021 38.8291 38.71136 38.46415 37.44246 37.28635 37.78621 38.05764 37.7202 37.89663 35.25663 33.8046 32.61552 31.82855 32.26701 33.8354 33.78247 32.56627 30.95934 30.356 30.63017 30.29576 29.90628 28.74008 29.67158 30.05686 29.82673 29.63627 29.15736 29.23776 29.83497 30.16137 29.21794 29.82413 30.41124 29.96012 29.8637 28.44501 27.04488 26.9704 28.51448 29.11508 28.99509 28.84517 28.60263 28.8654 29.11013 29.1596 28.9091 29.59154 28.75853 29.45382 29.65352 29.31996 28.31654 28.20666 28.36142 29.36249 28.69192 29.27272 29.3897
40.12606 40.09498 38.37849 39.35648 39.23553 39.62854 39.16203 39.06912 38.45656 38.38828 38.10622 35.93628 36.62719 37.23541 37.17629 37.32698 37.44932 36.17648 34.75574 33.2819 33.82936 34.83006 33.60336 31.45449 32.47176 31.73409 30.24043 30.37686 29.2669 29.39733 29.67263 29.97598 29.62687 29.52326 29.46895 29.46139 30.02728 30.34544 30.67491 29.77468 29.26333 30.15695 30.22816 28.22932 28.3586 27.38783 28.32033 28.98201 28.44215 29.32671 28.64041 28.44615 28.09535 28.85785 29.12829 29.45865 29.08034 29.54411 29.33722 29.55653 29.71434 29.22597 28.49521 29.24695 29.07867 29.08362 28.92696
39.7764 39.84484 39.74312 39.98638 39.6874 39.48835 38.79554 39.14412 39.46898 38.41497 36.82483 36.30664 34.88302 34.75666 34.73011 35.82578 36.6156 36.27846 35.52688 33.64194 32.50615 33.91484 33.5635 31.1167 30.78556 30.28952 30.08191 29.67101 29.72059 28.97612 29.25649 26.7284 27.51904 29.37616 29.31874 28.73138 29.01312 30.48976 29.97062 29.69402 29.40248 29.09866 27.44039 27.97649 27.85481 27.6199 26.90226 28.05771 28.84049 28.1148 28.42952 29.16397 29.29914 29.83207 28.46663 28.274 27.71935 28.91763 29.28751 29.07219 29.34199 29.04386 28.96963 28.80998 28.75071 28.50269 28.61199
39.28385 39.00966 40.02077 40.24871 40.29616 39.32163 39.18328 38.80615 38.48608 38.72173 37.49054 36.66793 36.06804 34.93373 34.02709 34.05187 33.19446 33.98685 35.00999 34.20975 33.48161 33.18492 33.97531 31.98698 31.52962 31.58324 30.44563 29.16011 27.14802 27.29468 28.74813 28.83892 27.26895 28.83068 29.80267 29.90963 29.87028 30.09152 30.3365 30.46391 29.98805 29.21366 27.38128 28.38141 28.7935 27.86134 29.40586 27.32433 29.11251 28.54054 28.20316 29.08809 29.32866 29.19023 28.4174 28.99502 28.99914 29.10552 29.15952 28.96958 28.78214 28.78086 28.86246 28.70741 28.39516 28.49173 28.61675
40.67213 38.68565 38.45665 39.9046 39.94829 39.94695 39.3759 39.42566 38.67584 36.92228 37.20618 37.63094 36.96903 35.2518 34.9426 34.64516 34.18163 33.99535 33.22309 33.23656 33.56098 33.33518 32.66753 33.52712 32.29413 32.23005 30.87452 30.01093 29.53878 30.9349 29.28319 29.31871 30.62964 29.59461 29.11268 29.38937 29.2494 29.25106 30.43823 30.42486 28.57112 26.14659 26.28452 26.86659 28.21634 28.31257 28.82045 27.79633 28.66391 28.46896 27.89001 28.74336 28.92253 28.95124 28.6683 28.84779 28.77028 28.7842 28.61552 28.88434 29.1249 29.07054 28.96931 28.97452 28.61165 28.51369 28.39978
40.0397 40.9085 40.31321 36.45691 39.5655 40.07717 38.31256 39.26234 38.8714 37.99417 37.40963 36.91137 36.50563 35.75323 36.10372 35.41285 36.04799 34.26965 35.38927 33.32076 33.15864 33.79063 33.74403 32.75342 33.18314 32.51905 32.30255 32.82777 31.00044 30.15001 30.4581 29.9347 29.79457 29.4352 29.50857 29.8541 29.70715 27.87374 26.08413 28.60664 26.74809 25.33992 27.13235 25.46649 26.685 27.98003 27.53883 28.28293 28.12418 28.3693 28.39862 28.55423 28.58452 28.6876 28.59886 28.61253 28.5122 28.64475 28.35411 28.6349 28.68961 28.86616 28.71606 28.50574 28.53708 28.46557 28.6457
40.71519 39.44855 38.91709 40.18084 39.81054 40.53414 38.75622 39.65295 39.41089 38.28146 37.86114 34.84899 34.18531 34.85595 34.08927 34.71225 34.89041 34.75711 34.36505 33.83188 32.88919 33.14832 33.18182 33.89079 33.7247 33.05573 33.98965 32.07647 29.5955 29.50961 28.7755 30.63847 31.13872 30.52678 31.00646 30.83669 30.0035 29.86276 27.84897 26.59927 26.35177 27.0583 27.82862 26.94665 25.88216 26.03732 26.47974 26.32908 26.46206 27.16902 27.12307 27.31564 27.71182 27.87665 28.43259 28.6385 28.51791 28.57032 28.17429 28.22421 28.39256 28.56521 28.67014 28.63653 28.66159 28.33379 28.52319
41.88798 40.50257 38.64398 38.07694 38.6724 39.72835 39.52462 40.27854 39.85555 39.85735 37.77257 36.2205 35.74079 35.47504 34.66957 33.6669 31.12996 32.0343 32.19201 30.50272 32.07273 32.327 32.75178 32.34031 32.78637 33.48661 33.13986 33.37229 30.62358 30.40287 30.0391 30.44132 30.30527 30.69594 31.04971 30.35294 29.14834 27.70615 26.81419 27.25327 26.51214 27.21395 26.7456 27.52722 25.4762 27.30274 27.94204 26.42664 25.85003 25.8618 25.6169 26.4632 26.47252 26.51176 26.97799 27.98869 28.31738 28.68107 28.61099 28.39255 28.52288 28.46486 28.60859 28.91527 28.78979 28.8589 29.21257
40.14703 41.34936 41.48874 40.37179 40.65914 39.58191 39.34999 39.03754 38.47192 39.75885 38.08767 35.24432 34.83867 35.89462 35.08886 34.96179 33.74702 34.36391 33.64168 33.41857 30.55249 32.19285 31.78159 32.2706 32.21347 32.50851 32.92175 32.03147 30.15084 30.15498 29.8334 30.21466 28.85513 29.92099 29.77678 29.18578 28.56481 27.6738 28.35071 27.13891 27.26408 26.312 27.33974 26.77181 28.37612 27.45633 27.21953 27.2757 27.0743 26.76182 27.54936 29.28966 27.88811 27.38321 27.44223 25.3754 25.14742 26.08762 27.48946 27.82968 27.58422 27.8361 28.59893 29.02452 28.70389 28.40034 28.85986
