inst/extdata/envar/asc/bio3.asc
ncols         480
nrows         353
xllcorner     -1644588.35
yllcorner     1550510.45
cellsize      10000
NODATA_value  -9999
[rows 203 to 231 of 353, columns 268 to 334 of 480]
23.8281 24.22159 23.82869 24.11386 25.44715 25.2952 25.91812 26.00454 25.86961 26.31152 26.66901 26.78485 26.8114 27.23351 27.83083 27.86789 27.36777 26.98225 28.05895 28.07117 28.29422 28.42888 28.47978 28.24621 27.62548 27.56209 27.96147 29.63473 29.55319 28.56182 28.13699 28.79478 29.70643 29.73008 28.45722 28.08432 29.25527 28.30457 28.42815 27.69254 27.5826 27.43399 28.33387 28.00552 27.35357 27.46662 27.32542 27.40596 26.43104 25.58709 -9999 -9999 -9999 -9999 -9999 -9999 -9999 -9999 -9999 -9999 -9999 -9999 -9999 -9999 -9999 -9999 -9999
25.07048 24.4385 23.99308 24.69321 25.17299 25.46672 26.05184 25.97413 26.48542 26.25354 26.51786 26.92611 26.99313 27.66236 27.87913 28.0146 27.12915 26.71455 28.34348 28.29112 28.1405 28.4984 26.77374 27.70926 27.85945 28.63527 28.62992 30.31874 30.30778 28.98222 29.65829 29.50556 29.85736 28.62331 27.66963 29.0871 29.84456 29.05462 28.44002 28.71856 27.92227 27.49615 28.30503 27.93205 27.46105 27.62688 27.1738 26.85117 26.55183 -9999 -9999 -9999 -9999 -9999 16.95402 -9999 -9999 -9999 -9999 -9999 -9999 -9999 -9999 -9999 -9999 -9999 -9999
24.89466 24.32358 24.33081 24.58438 25.24914 25.11048 25.93036 26.19805 26.4024 26.17087 26.48722 27.24204 27.44577 27.51398 27.07154 27.63646 28.65441 27.32199 27.64916 28.42916 28.2851 27.37873 27.37265 27.85642 29.66985 29.18596 30.25963 30.20036 30.15689 30.05709 29.75135 28.62526 30.03651 29.0297 28.30224 29.01639 28.69515 28.41238 28.38091 27.8094 28.41356 27.43636 28.08322 28.13767 27.5895 28.21075 27.88619 26.97215 26.67488 -9999 -9999 -9999 -9999 -9999 -9999 -9999 -9999 -9999 -9999 -9999 -9999 -9999 -9999 -9999 -9999 -9999 -9999
24.74536 24.61579 24.75584 25.05691 25.59947 25.26438 25.76921 26.64308 26.66875 26.97635 27.27818 27.30888 27.83295 26.70854 26.58138 27.32252 26.82836 27.96001 28.8443 28.37406 27.31277 27.54553 28.69446 30.21756 30.32603 28.78049 29.99282 30.31485 30.01729 28.91877 30.05564 29.78578 29.08764 28.83608 29.04326 29.15597 29.30526 28.52464 28.40477 28.1053 28.0367 28.2507 27.86785 26.85672 27.79977 28.152 27.59776 27.97255 27.22016 -9999 -9999 -9999 -9999 19.19108 -9999 -9999 -9999 -9999 -9999 -9999 -9999 -9999 -9999 -9999 -9999 -9999 -9999
24.88264 24.89903 25.26177 25.55065 25.13972 25.89771 25.97766 26.44893 26.7222 27.05402 27.64604 26.75055 26.80435 26.50285 27.75155 27.50985 28.43821 29.04445 28.64047 27.14762 26.78677 28.44181 30.17009 31.44282 29.34505 29.01277 29.09903 29.40211 30.37324 30.15702 29.65416 30.16594 29.05722 29.80434 29.55805 29.08496 29.7416 29.08349 29.83125 28.80998 28.85717 28.10231 27.81453 27.96583 27.29973 27.95739 27.91081 27.29892 26.54189 -9999 -9999 -9999 -9999 -9999 -9999 -9999 -9999 -9999 -9999 -9999 -9999 -9999 -9999 -9999 -9999 -9999 -9999
24.03749 25.12249 24.09449 25.10677 26.21144 26.33671 26.70897 26.84831 27.06577 27.18065 27.77097 27.37272 27.29675 27.71693 27.94456 27.08283 27.58162 29.52227 28.53432 27.05087 28.18749 28.8227 29.52337 31.45245 30.45279 29.86983 28.87891 29.91706 29.60892 30.08293 30.38754 29.83203 28.30234 29.32775 29.41479 29.94779 29.35767 29.10927 29.95498 29.0906 29.01916 28.73866 28.9872 28.34266 28.25743 28.54448 28.15843 26.75787 25.63626 -9999 -9999 -9999 -9999 -9999 -9999 -9999 -9999 -9999 -9999 -9999 -9999 -9999 -9999 -9999 -9999 -9999 -9999
24.80302 24.59536 25.14264 25.97337 26.04798 26.47376 26.82279 26.98099 26.52531 26.87576 27.18576 27.74033 27.50305 27.39099 28.36457 27.73098 29.57511 29.2661 27.61773 27.75233 29.15514 29.18544 30.63213 30.61963 30.8374 30.84138 29.13616 29.82319 30.26398 29.35183 29.99196 29.93505 28.70137 29.61467 29.35389 30.31336 29.66034 30.42776 30.28828 29.49395 29.02782 28.8713 28.66931 28.82508 28.18956 27.90038 27.59253 27.08796 25.61984 -9999 -9999 -9999 -9999 -9999 -9999 -9999 -9999 -9999 -9999 -9999 -9999 -9999 -9999 -9999 -9999 -9999 -9999
24.7843 24.86298 26.08307 25.94181 26.05477 25.90712 26.98299 26.68109 26.08597 26.86543 27.55244 26.75554 26.97423 28.67274 28.15754 29.13743 29.9495 30.06088 29.2888 29.16009 29.73353 29.40184 31.21995 30.96749 31.10402 30.8794 30.3658 30.18637 30.52682 29.6678 29.87032 29.63138 29.94507 29.29517 29.96204 29.78953 29.94023 29.34345 29.31915 29.07002 28.89412 28.56939 28.51067 28.21196 28.26554 -9999 -9999 25.49213 -9999 -9999 -9999 -9999 -9999 -9999 -9999 -9999 -9999 -9999 -9999 -9999 -9999 -9999 -9999 -9999 -9999 -9999 -9999
25.23278 25.85143 26.40641 25.56081 25.08678 25.93199 26.45571 26.59925 26.15916 26.2536 27.31462 27.39898 28.08619 27.92921 28.01819 30.0112 30.12822 29.8429 29.7529 29.33942 29.52242 30.6232 30.35168 30.67027 30.84337 30.82243 29.97672 29.74802 30.43305 29.22323 29.51892 30.03807 29.38529 29.53689 30.69068 30.95961 30.46248 30.04879 29.95602 29.03643 28.39517 28.68894 28.46522 28.25688 27.81485 27.16212 26.96498 -9999 -9999 -9999 -9999 -9999 -9999 -9999 -9999 -9999 -9999 -9999 -9999 -9999 -9999 -9999 -9999 -9999 -9999 -9999 -9999
25.79924 26.56943 25.98798 25.75539 26.28276 25.73891 26.7353 26.89493 26.84932 26.73157 27.68822 26.78065 27.92116 28.67318 29.95571 30.05891 28.78115 29.45506 30.71509 31.31907 30.72842 30.45914 30.76667 30.72635 30.54888 29.96779 29.79875 29.65829 30.25653 29.61923 30.25825 30.25196 29.71924 30.80729 30.79503 30.49581 30.28317 29.61064 29.26047 28.3825 28.1696 27.73046 28.23631 28.40559 27.10499 27.2936 -9999 -9999 -9999 -9999 -9999 -9999 -9999 -9999 -9999 -9999 -9999 -9999 -9999 -9999 -9999 -9999 -9999 -9999 -9999 -9999 -9999
26.04745 25.89909 25.65582 26.13952 25.69526 26.05054 26.48394 26.98567 26.95419 27.42761 27.91998 28.30727 28.8008 29.87682 30.01319 29.99463 28.93846 30.66747 30.61415 30.53753 31.00544 30.0619 29.05464 29.14991 31.00539 30.57798 30.04618 30.27839 29.65254 29.75874 30.43905 30.07716 29.67122 30.33104 30.37637 29.92637 30.39747 29.8953 28.03544 28.5983 27.79655 27.52479 27.74461 27.83056 27.45556 26.59618 -9999 24.44201 -9999 -9999 -9999 -9999 -9999 -9999 -9999 -9999 -9999 -9999 -9999 -9999 -9999 -9999 -9999 -9999 -9999 -9999 -9999
25.94225 26.1676 26.45758 26.7942 26.0328 27.09267 26.65769 27.10149 26.89728 28.09092 28.43424 28.50883 29.64299 30.18732 29.51476 29.89021 29.91663 30.52866 29.76804 30.69694 31.15499 31.38757 30.70942 30.59405 30.1899 30.43609 30.19098 30.3025 30.61226 29.99855 29.61997 29.24478 29.53426 30.27967 30.42861 29.45086 29.79729 28.75091 29.06337 28.35316 27.76936 27.66129 27.36741 27.37703 27.1015 -9999 -9999 -9999 -9999 -9999 -9999 -9999 -9999 -9999 -9999 -9999 -9999 -9999 -9999 -9999 -9999 -9999 -9999 -9999 -9999 -9999 -9999
26.14751 26.13532 26.15723 26.96989 26.12154 27.00498 26.81458 27.1201 26.8912 28.4524 29.13644 28.95952 29.72959 29.31869 28.85663 29.57562 30.13679 31.33723 29.70899 28.98187 30.77352 30.6596 31.0387 31.15037 30.19024 31.06491 30.1575 30.10023 30.20275 29.42169 29.24178 28.80494 30.68546 30.46221 31.15016 29.61522 28.30218 27.71691 28.51786 28.09707 27.20293 26.57385 26.50107 26.47738 26.46957 -9999 -9999 -9999 -9999 -9999 -9999 -9999 -9999 -9999 -9999 -9999 -9999 -9999 -9999 -9999 -9999 -9999 -9999 -9999 -9999 -9999 -9999
25.94788 26.5967 26.55815 26.62546 26.38175 26.70975 27.02124 27.57589 27.49382 28.6958 29.07617 28.88059 29.61338 28.91216 29.14701 30.00152 30.98634 31.54662 30.28313 30.03589 31.03144 31.40019 31.0193 30.68361 30.683 30.77586 30.1242 30.2073 30.43165 29.40328 29.83547 29.93454 30.4842 30.52429 30.25827 30.05216 28.9584 29.12161 28.13325 27.2761 -9999 24.86837 25.55365 -9999 25.28254 -9999 -9999 -9999 -9999 -9999 -9999 -9999 -9999 -9999 -9999 -9999 -9999 -9999 -9999 -9999 -9999 -9999 -9999 -9999 -9999 -9999 -9999
26.30947 27.05118 26.44772 26.48954 26.7394 27.4724 27.39521 27.50467 28.35542 28.708 29.28767 28.77861 29.29626 29.46415 30.2391 29.46004 30.77085 30.8843 31.56207 29.9879 30.07539 30.04179 31.14559 31.11804 30.97867 30.45909 30.06233 30.29912 29.52276 29.69898 30.03004 30.49155 31.15795 31.09177 30.51012 30.42731 30.57577 29.79808 28.74697 26.47757 26.24531 25.30682 -9999 -9999 25.27047 -9999 -9999 -9999 -9999 -9999 -9999 -9999 -9999 -9999 -9999 -9999 -9999 -9999 -9999 -9999 -9999 -9999 -9999 -9999 -9999 -9999 -9999
26.40724 26.55179 27.41196 27.1213 26.7617 27.59147 27.02456 27.56075 28.61987 28.68791 29.0081 29.51581 29.95877 29.98117 30.14097 30.11025 31.18989 30.50997 30.79906 29.94791 30.89609 31.26026 31.0422 31.19672 30.8663 30.37002 29.85368 29.85224 30.31655 30.16861 30.56589 30.95553 30.4357 30.70093 30.64933 30.26371 30.01125 29.82654 28.78228 28.60029 26.01332 27.02448 -9999 24.84792 -9999 -9999 -9999 -9999 -9999 -9999 -9999 -9999 -9999 -9999 -9999 -9999 -9999 -9999 -9999 -9999 -9999 -9999 -9999 -9999 -9999 -9999 -9999
26.49338 26.31378 26.26945 26.89979 27.31394 28.24216 27.34631 27.65011 29.14228 29.18915 28.96257 30.46282 30.74748 30.75378 29.70685 30.45325 31.13782 30.1429 30.74963 31.47746 30.73048 30.56723 30.64714 30.3089 31.1958 29.89474 30.61888 30.23548 29.95556 30.01364 30.18567 30.74899 30.213 29.89985 30.58522 29.57404 29.02258 28.54923 28.52862 28.56035 25.9927 25.62582 24.91742 -9999 -9999 -9999 -9999 -9999 -9999 -9999 -9999 -9999 -9999 -9999 -9999 -9999 -9999 -9999 -9999 -9999 -9999 -9999 -9999 -9999 -9999 -9999 -9999
26.68168 26.39263 26.75816 27.02374 27.46278 28.78487 28.2087 28.27306 28.67927 29.34726 29.7549 30.27489 30.08809 29.76709 29.98898 30.62424 30.415 30.77834 30.81822 31.17364 30.89729 31.34497 32.23933 30.87626 30.93261 30.49636 30.76933 30.56351 30.05136 30.02077 29.97951 30.19262 29.61893 30.24972 30.8222 29.93296 29.50174 27.48679 27.82522 27.45722 26.66008 24.97734 -9999 23.66113 -9999 -9999 -9999 -9999 -9999 -9999 -9999 -9999 -9999 -9999 -9999 -9999 -9999 -9999 -9999 -9999 -9999 -9999 -9999 -9999 -9999 -9999 -9999
26.84669 27.18546 27.09969 28.80696 29.02226 29.05935 28.35043 28.02758 28.81978 29.44268 29.63239 30.71004 30.61212 30.5425 30.51579 30.59732 31.20856 30.28928 30.71242 31.26892 30.80694 31.71131 32.03256 30.93009 31.43104 30.92526 30.87755 30.33878 30.07737 29.65069 29.54538 29.19757 29.04158 29.18677 30.16348 30.50644 29.06711 27.69875 26.75207 26.93856 27.14617 25.47458 24.43392 -9999 -9999 -9999 -9999 -9999 -9999 -9999 -9999 -9999 -9999 -9999 -9999 -9999 -9999 -9999 -9999 -9999 -9999 -9999 -9999 -9999 -9999 -9999 -9999
26.8642 27.19574 27.19482 28.70392 28.59968 29.10722 29.63049 28.07814 29.48054 29.77739 29.30197 29.99122 30.56054 30.58 30.86516 31.47905 31.93214 31.31324 31.6258 31.4138 32.45022 31.289 32.14394 31.81564 31.89811 31.33636 30.58542 31.17245 30.68321 29.8594 29.60843 29.48123 28.49581 28.72564 29.72707 29.3322 28.97292 28.48691 27.33667 26.83142 26.46029 25.64311 -9999 -9999 20.07576 -9999 -9999 -9999 -9999 -9999 -9999 -9999 -9999 -9999 -9999 -9999 -9999 -9999 -9999 -9999 -9999 -9999 -9999 -9999 -9999 -9999 -9999
27.58707 27.61764 27.48661 28.28986 27.70245 28.51785 28.97827 28.72197 30.09449 30.89601 30.8363 30.67387 31.76654 31.28037 32.03449 31.74218 32.37195 31.77602 31.40431 32.26056 31.49813 31.90088 31.66764 31.69409 31.97202 31.89344 30.93786 31.30791 30.7874 30.94308 30.236 29.83274 29.73207 28.88394 28.83093 28.44034 28.69805 28.2462 28.24972 27.68346 26.47738 24.86013 -9999 -9999 -9999 -9999 -9999 -9999 -9999 -9999 -9999 -9999 -9999 -9999 -9999 -9999 -9999 -9999 -9999 -9999 -9999 -9999 -9999 -9999 -9999 -9999 -9999
27.6045 27.78324 28.96793 28.4004 28.48388 28.99191 29.35243 30.29959 30.37065 31.03877 30.42531 30.81905 31.84935 32.12571 31.87438 31.37186 31.85149 32.3069 32.31088 32.46387 32.12341 32.51383 32.03043 32.33016 32.50927 31.96663 31.14355 30.75811 30.94872 30.56864 31.5603 31.02895 30.19337 30.28009 29.99594 28.98935 28.42709 28.27942 28.0334 28.14678 25.77314 26.37518 25.35259 -9999 -9999 -9999 -9999 -9999 -9999 -9999 -9999 -9999 -9999 -9999 -9999 -9999 -9999 -9999 -9999 -9999 -9999 -9999 -9999 -9999 -9999 -9999 -9999
28.02351 28.27527 28.71147 28.79145 28.94717 29.62082 29.9629 29.56837 30.7047 30.72286 30.27984 31.27667 32.11308 31.7514 32.00136 32.25081 32.44758 32.63468 32.32345 32.99239 32.57956 32.50042 32.20504 32.6399 33.05187 32.31844 31.02086 30.56296 31.10767 32.23634 31.99425 31.00699 30.62519 29.82989 30.35509 29.90645 28.70133 27.51143 26.93584 26.43842 26.0203 26.17671 26.00676 -9999 -9999 -9999 -9999 -9999 -9999 -9999 -9999 -9999 -9999 -9999 -9999 -9999 -9999 -9999 -9999 -9999 -9999 -9999 -9999 -9999 -9999 -9999 -9999
27.83578 28.54525 28.58094 29.10329 29.44312 29.77747 30.62344 29.94988 30.73808 31.39862 32.55083 31.72653 31.93261 31.9876 31.96876 32.20067 32.98755 32.474 32.69942 33.02415 32.2927 32.5272 32.47713 33.54366 33.05587 32.50868 31.86604 31.73891 31.58709 32.10951 31.52256 30.89578 31.02738 30.74766 29.44666 29.0072 28.01702 26.93841 26.79858 27.43637 26.45168 25.79891 -9999 -9999 -9999 -9999 -9999 -9999 -9999 -9999 -9999 -9999 -9999 -9999 -9999 -9999 -9999 -9999 -9999 -9999 -9999 -9999 -9999 -9999 -9999 -9999 -9999
27.9754 28.6024 28.9961 28.96165 29.0493 29.86095 29.83521 30.86828 31.19825 31.47335 30.60794 31.78141 31.86397 31.36431 32.20411 32.3376 32.16082 33.61876 33.40536 34.01695 32.59244 32.59044 33.31513 33.99141 32.93007 32.1945 31.73747 31.24299 32.24236 31.96181 31.21825 31.61157 31.00898 31.59418 29.10489 28.65596 28.44293 27.628 27.39688 27.332 26.95354 25.82737 -9999 -9999 -9999 -9999 -9999 -9999 -9999 -9999 -9999 -9999 -9999 -9999 -9999 -9999 -9999 -9999 -9999 -9999 -9999 -9999 -9999 -9999 -9999 -9999 -9999
28.33013 29.22229 28.79992 28.72302 29.43738 29.3824 30.46886 30.41664 31.2786 30.17292 31.07014 31.80223 32.75743 32.17817 32.4869 32.38891 32.31129 33.01004 32.80657 33.74996 32.86408 32.26153 34.35995 33.87955 33.36527 32.48945 31.6649 31.77912 32.04113 31.36265 31.27791 30.93595 29.74658 31.05179 29.121 28.74586 29.17384 27.70159 27.16261 27.70037 27.011 -9999 -9999 -9999 -9999 -9999 -9999 -9999 -9999 -9999 -9999 -9999 -9999 -9999 -9999 -9999 -9999 -9999 -9999 -9999 -9999 -9999 -9999 -9999 -9999 -9999 -9999
28.52589 29.19014 29.10244 29.48788 28.66375 30.46117 31.30306 31.17835 31.31599 30.49785 31.33721 32.92982 32.50843 32.27047 32.9146 31.51608 32.82133 33.15792 33.97867 33.66214 33.9126 33.78771 34.22897 34.038 33.77334 33.05044 32.13986 33.32501 32.45556 31.09239 30.64587 30.32829 30.63103 29.0633 29.71283 28.7964 28.94884 29.22099 27.45714 27.03431 27.58472 -9999 -9999 -9999 23.9779 -9999 -9999 -9999 -9999 -9999 -9999 -9999 -9999 -9999 -9999 -9999 -9999 -9999 -9999 -9999 -9999 -9999 -9999 -9999 -9999 -9999 -9999
28.83136 28.967 29.43575 30.02982 30.04572 30.482 31.29275 30.70941 30.31847 32.14165 32.80728 32.31942 32.72318 33.73394 33.68868 32.05419 33.05993 34.07677 33.56134 32.38962 33.09983 34.45184 34.54671 34.16875 33.78025 33.13254 32.94523 32.8423 32.36525 31.53091 30.78895 31.61814 31.47718 29.42183 30.44428 29.65907 28.6377 28.73943 27.59541 26.72509 25.02048 26.11832 24.22326 24.58522 -9999 -9999 -9999 -9999 -9999 -9999 -9999 -9999 -9999 -9999 -9999 -9999 -9999 -9999 -9999 -9999 -9999 29.26756 28.12883 28.39077 -9999 -9999 -9999
29.1493 29.19457 28.93056 29.85763 30.26653 30.15907 30.80379 30.69687 30.88671 32.5346 32.82138 32.15432 32.37829 34.1634 33.90057 33.54496 34.05961 34.4824 33.2047 34.50139 33.99385 35.03682 34.5827 34.66526 33.21021 34.38538 33.81348 33.29193 33.37204 32.45135 31.48243 31.89488 32.37545 30.31416 31.00792 28.67083 29.23379 28.61211 -9999 25.656 -9999 -9999 -9999 -9999 -9999 -9999 -9999 -9999 -9999 -9999 -9999 -9999 -9999 -9999 -9999 -9999 -9999 -9999 -9999 -9999 -9999 29.39261 29.83525 29.14039 29.64165 28.36958 -9999
