inst/extdata/envar/asc/bio3.asc
ncols         480
nrows         353
xllcorner     -1644588.35
yllcorner     1550510.45
cellsize      10000
NODATA_value  -9999
[rows 232 to 260 of 353, columns 268 to 334 of 480]
28.96248 29.47892 29.67258 30.23232 29.38829 30.58309 30.09175 30.59237 31.51436 31.98835 33.2057 33.13902 32.39499 34.60459 33.16322 33.09376 33.51769 33.41648 34.00826 34.39103 35.07995 35.31399 34.76826 34.76559 34.26609 34.35737 33.76392 33.74652 33.28321 32.9531 31.35025 32.13177 31.06203 31.19464 31.52421 29.07134 28.97415 28.64622 -9999 -9999 -9999 -9999 -9999 -9999 -9999 -9999 -9999 -9999 -9999 -9999 -9999 -9999 -9999 -9999 -9999 -9999 -9999 -9999 -9999 31.34306 30.9358 33.11714 31.9375 29.67994 29.56556 28.9329 -9999
28.59661 30.15021 30.33445 30.09907 30.39403 30.26471 30.21911 30.96994 31.57143 32.80479 32.67672 33.25873 33.00106 34.26597 33.05927 33.6394 33.54861 34.00443 34.52113 34.11231 34.61241 34.37611 35.15561 34.55311 34.24799 34.16914 34.05133 33.77888 33.23644 32.17342 31.88552 31.1125 30.40929 30.22135 29.83955 29.90125 28.35066 29.40397 28.08003 27.76564 -9999 27.08902 -9999 -9999 -9999 -9999 -9999 -9999 -9999 -9999 -9999 -9999 -9999 -9999 -9999 -9999 -9999 -9999 31.5082 32.34457 32.22234 31.07764 30.37122 29.18699 29.43119 29.27987 -9999
29.5655 29.91451 29.51502 30.19435 30.8031 30.5327 30.85761 31.6347 31.61621 32.16747 32.67095 33.18188 32.35097 33.5189 33.11304 33.46534 34.02867 34.45229 34.04579 35.00162 35.47712 34.10633 35.19825 33.82225 34.75543 35.14338 33.66626 33.63939 32.5034 31.95527 30.82586 31.94794 31.00394 29.13751 28.89633 28.26258 -9999 -9999 -9999 -9999 -9999 -9999 -9999 -9999 -9999 -9999 -9999 -9999 -9999 -9999 -9999 -9999 -9999 -9999 -9999 -9999 -9999 31.09197 31.61954 32.27813 31.0082 30.37416 30.21132 29.85044 30.12371 32.04235 -9999
30.84445 30.7047 30.9425 31.19239 31.1564 31.04075 31.14174 31.48842 32.05083 31.99052 32.28629 32.29198 32.78267 33.55165 33.19352 33.23653 33.7889 32.75711 34.2138 35.6233 35.87165 35.08902 34.1761 34.72911 34.88922 35.53284 34.19749 33.60561 33.47898 32.17102 30.82681 30.12764 30.71569 29.03902 29.09752 28.10262 28.10912 -9999 -9999 -9999 -9999 -9999 -9999 -9999 -9999 -9999 -9999 -9999 -9999 -9999 -9999 -9999 -9999 -9999 -9999 -9999 -9999 32.64145 31.59739 31.75522 30.24366 30.77905 30.65737 30.71534 31.49589 33.13478 -9999
30.32284 31.0609 30.28961 31.25019 31.74535 30.83069 31.47104 31.95802 32.41367 31.56163 32.4442 33.46973 33.16156 33.28123 33.53158 33.91592 34.21512 33.77382 35.42541 34.57114 34.2118 34.25271 34.2882 34.45473 36.13288 35.96433 34.51232 33.31625 32.22985 32.94785 31.39235 30.83033 29.52116 28.31303 28.44826 28.78571 -9999 -9999 -9999 -9999 -9999 -9999 -9999 -9999 -9999 -9999 -9999 -9999 -9999 -9999 -9999 -9999 -9999 -9999 -9999 -9999 -9999 31.56805 31.8581 31.87971 31.82705 32.2994 31.60027 31.46899 32.38405 32.17507 32.04631
30.9043 30.48295 30.3534 30.96383 32.0058 31.06809 31.59665 32.14328 31.59177 32.36469 32.42662 32.76727 32.78447 34.09002 34.24569 34.3952 34.36945 35.02804 35.05024 34.24292 35.76694 34.75053 34.61101 35.16656 36.2578 34.76554 34.64288 34.27399 32.68891 32.02045 30.57245 30.09531 29.36948 28.08142 28.07915 28.33643 -9999 -9999 -9999 -9999 -9999 -9999 -9999 -9999 -9999 -9999 -9999 -9999 -9999 -9999 -9999 -9999 -9999 -9999 -9999 -9999 32.55124 32.09517 31.49825 32.45045 32.61713 32.57019 31.85047 32.14193 31.47817 31.1701 -9999
30.58648 30.50486 31.0418 30.89702 31.73924 31.59396 31.88684 32.10385 31.78925 32.88623 32.84937 33.16965 32.91522 34.13264 34.25932 33.81541 34.44143 35.97627 34.3394 35.15945 35.592 34.7503 35.12484 35.10541 35.83181 35.67526 34.80245 34.27793 32.29503 32.53737 30.88832 29.76777 29.69668 27.60961 26.80071 -9999 -9999 -9999 -9999 -9999 -9999 -9999 -9999 -9999 -9999 -9999 -9999 -9999 -9999 -9999 -9999 -9999 -9999 -9999 -9999 31.95006 32.26984 31.81585 32.1162 32.61272 33.40238 33.07673 32.37298 33.40271 32.64095 31.6471 -9999
31.61502 31.61884 31.54135 31.91628 32.66271 31.81165 31.68897 31.97041 32.46401 33.08436 32.9034 32.9912 33.24113 33.67781 33.91362 34.95075 35.31271 33.63768 35.26896 35.41526 35.60691 34.73082 34.21522 34.3088 35.12635 34.74539 34.61786 34.18317 32.88131 31.81957 30.93936 30.73698 29.26602 27.7513 27.03143 -9999 -9999 -9999 -9999 -9999 -9999 -9999 -9999 -9999 -9999 -9999 -9999 -9999 -9999 -9999 -9999 -9999 -9999 -9999 -9999 32.62747 32.69968 32.65793 34.48157 34.67101 34.83583 34.96335 34.63858 32.67181 32.11969 33.00207 -9999
32.14398 31.12693 31.6109 32.10096 32.68345 32.12487 31.86437 33.198 32.86629 32.73643 32.75531 32.39781 33.59005 34.0288 33.84758 34.71858 35.34399 35.16335 35.74206 34.9678 34.79685 35.53829 34.62805 34.14302 34.13378 34.33264 33.75534 33.34017 33.47371 33.0451 31.38212 30.64093 29.8084 28.51762 27.45941 -9999 -9999 -9999 -9999 -9999 -9999 -9999 -9999 -9999 -9999 -9999 -9999 -9999 -9999 -9999 -9999 -9999 -9999 -9999 33.09716 32.62457 33.65108 34.55155 34.01382 36.3275 36.18422 36.64494 36.75271 34.47604 33.06324 31.45702 -9999
32.82138 32.02822 32.20636 32.91254 33.01862 32.66603 32.54599 33.0106 32.81182 33.74875 33.12606 32.97218 32.82832 33.52134 33.55861 34.65641 34.94083 34.508 34.74196 35.12856 35.28665 34.77929 34.81811 34.44004 33.96811 34.15503 33.92251 32.81131 33.65042 -9999 32.43655 30.23133 -9999 28.87804 27.25017 -9999 -9999 -9999 -9999 -9999 -9999 -9999 -9999 -9999 -9999 -9999 -9999 -9999 -9999 -9999 -9999 -9999 -9999 -9999 33.93356 35.70852 35.78035 34.51957 35.37848 35.23626 35.19528 37.26153 34.82067 33.41019 33.8134 -9999 -9999
32.18924 31.53191 32.03293 32.43408 33.28656 32.63401 33.57279 32.56374 32.41628 32.81892 32.9117 33.28609 32.39986 32.78201 33.77573 33.48174 34.81602 35.40203 34.97122 34.58939 34.75259 34.49225 33.87431 34.04168 34.11565 34.18488 33.48756 34.02701 32.97606 -9999 -9999 -9999 -9999 -9999 -9999 -9999 -9999 -9999 -9999 -9999 -9999 -9999 -9999 -9999 -9999 -9999 -9999 -9999 -9999 -9999 -9999 -9999 -9999 33.86269 36.40801 36.57705 37.24198 37.40399 35.51699 36.72719 35.94507 38.17899 34.97652 34.91574 32.56036 -9999 -9999
31.41757 31.87713 33.43816 33.44752 33.18907 32.75782 32.5233 32.82685 32.70897 32.97852 32.86863 33.70144 33.37458 32.20752 33.44123 33.33652 34.92073 35.52679 35.13028 33.93095 33.61167 34.3211 34.21027 34.46338 34.74277 33.94859 33.97864 33.98652 32.38769 32.38749 -9999 29.81543 28.0799 -9999 -9999 -9999 -9999 -9999 -9999 -9999 -9999 -9999 -9999 -9999 -9999 -9999 -9999 -9999 -9999 -9999 -9999 -9999 -9999 33.80788 36.0945 36.73026 34.77729 36.66368 36.90606 36.4835 37.54002 37.44071 35.04928 34.99147 33.71786 -9999 -9999
31.55993 31.77015 32.73183 33.04593 32.18798 32.90341 33.38669 33.88394 32.92027 33.19176 33.06063 34.36709 34.04304 33.19622 34.25112 33.82048 34.28439 34.93183 35.09458 34.71869 33.78459 34.55422 33.65872 33.31194 33.73789 33.21806 32.41697 -9999 31.96601 -9999 -9999 -9999 -9999 -9999 -9999 -9999 -9999 -9999 -9999 -9999 -9999 -9999 -9999 -9999 -9999 -9999 -9999 -9999 -9999 -9999 -9999 -9999 -9999 34.8625 35.90123 36.03835 34.76073 35.5781 37.23042 36.03757 38.11441 37.47999 35.64859 34.57405 35.18932 -9999 -9999
31.83533 32.55125 33.26586 32.79758 32.75489 33.44867 33.95054 34.19512 33.50641 33.19776 34.00606 34.49195 33.56517 33.70966 33.18417 33.32133 33.6584 34.65871 34.47373 34.66897 34.83737 33.68176 33.33514 33.55198 33.58051 33.21116 32.61871 33.19456 32.34784 30.91043 -9999 -9999 -9999 -9999 -9999 -9999 -9999 -9999 -9999 -9999 -9999 -9999 -9999 -9999 -9999 -9999 -9999 -9999 -9999 -9999 -9999 -9999 -9999 35.67406 36.16883 35.30508 35.65844 37.42504 38.05319 37.64554 38.40347 36.49101 35.76754 34.83566 35.44176 -9999 -9999
33.02375 32.75665 32.83152 33.69345 33.25922 33.75907 34.27097 33.98616 33.77311 33.8829 33.96444 33.18052 32.89829 33.30627 33.08425 33.59159 34.20838 34.83131 34.39572 34.72464 33.94193 33.19135 33.3398 32.7681 32.95413 32.92347 32.98548 32.85965 -9999 -9999 -9999 -9999 -9999 -9999 -9999 -9999 -9999 -9999 -9999 -9999 -9999 -9999 -9999 -9999 -9999 -9999 -9999 -9999 -9999 -9999 -9999 -9999 34.35875 35.11486 36.19732 37.07439 35.69733 38.11823 37.72479 37.90729 40.34979 38.70621 34.58223 36.96318 35.20212 -9999 -9999
33.43976 33.01294 33.3563 33.85608 34.07682 33.97583 33.63223 33.67011 34.3061 33.62792 33.9497 33.78524 34.28535 33.15666 33.7054 33.33928 33.15344 33.98312 34.22162 33.36538 32.91824 33.90842 33.29359 33.44473 32.82307 32.63131 31.92504 31.94993 -9999 -9999 -9999 -9999 -9999 -9999 -9999 -9999 -9999 -9999 -9999 -9999 -9999 -9999 -9999 -9999 -9999 -9999 -9999 -9999 -9999 -9999 -9999 -9999 35.58924 35.83566 36.26216 36.8056 35.21957 36.29622 36.54651 37.60202 38.99083 39.26755 35.63314 35.73538 34.2422 -9999 -9999
32.86563 33.05137 33.71281 34.00138 34.07248 33.85928 33.60882 33.67481 33.93069 33.37547 32.9148 32.73331 33.0108 33.44392 32.93695 33.93659 33.952 33.87835 34.45723 33.85592 33.36394 33.12337 33.11759 32.35333 32.49868 32.15907 31.91124 30.92623 -9999 -9999 -9999 -9999 -9999 -9999 -9999 -9999 -9999 -9999 -9999 -9999 -9999 -9999 -9999 -9999 -9999 -9999 -9999 -9999 -9999 -9999 -9999 33.50635 35.38444 36.12837 36.17705 36.56012 36.0951 36.43871 38.62933 38.27519 40.84898 39.39995 35.78684 35.45953 32.89361 -9999 -9999
32.8089 33.2059 34.02224 34.27421 34.22295 34.31026 33.63412 33.911 34.38039 32.88413 32.91605 33.60769 34.2675 33.6048 32.87968 33.56606 34.05657 34.1208 33.59371 33.03849 32.52014 32.4696 32.19333 31.98855 31.12612 31.50231 -9999 -9999 -9999 -9999 -9999 -9999 -9999 -9999 -9999 -9999 -9999 -9999 -9999 -9999 -9999 -9999 -9999 -9999 -9999 30.00963 -9999 -9999 -9999 -9999 -9999 35.23303 35.55328 35.35989 35.69201 36.6837 37.26191 37.62557 37.99366 40.44665 40.55374 37.74414 35.9428 35.53451 33.34012 -9999 -9999
33.84798 33.70108 33.43998 33.94178 33.58065 33.89543 34.02163 34.03032 33.60358 32.46232 33.62767 34.05817 34.2399 33.17701 33.98437 33.55997 33.25298 33.77648 33.19307 33.63569 32.29691 32.45659 31.33676 30.62206 30.90472 -9999 -9999 -9999 -9999 -9999 -9999 -9999 -9999 -9999 -9999 -9999 -9999 -9999 -9999 -9999 -9999 -9999 -9999 -9999 -9999 30.56639 -9999 -9999 -9999 -9999 -9999 34.29924 35.96067 35.44947 36.6692 35.55036 37.81436 38.7582 39.7556 41.13575 41.2283 39.16126 35.93991 35.87624 34.5568 -9999 -9999
33.01121 33.24533 33.59845 33.76417 33.56601 33.89141 34.08744 34.19185 33.68706 32.97078 34.25465 33.64607 33.63689 33.08741 34.08247 34.45605 33.45759 32.54637 33.13196 33.30658 33.72718 31.63863 31.93473 30.87301 -9999 -9999 -9999 -9999 -9999 -9999 -9999 -9999 -9999 -9999 -9999 -9999 -9999 -9999 -9999 -9999 -9999 -9999 -9999 -9999 -9999 30.60564 31.85808 -9999 -9999 -9999 -9999 33.60075 37.23458 36.74322 37.30283 36.12771 38.45505 38.41776 39.9679 39.84388 39.51785 36.79959 34.14256 34.90444 33.86895 -9999 -9999
33.38689 33.88004 33.52872 34.34677 33.92493 34.05089 33.98455 34.13611 33.89835 33.61943 33.06915 33.34865 33.32718 32.72037 32.7878 33.17095 33.34684 32.85492 32.84722 33.10006 32.55516 31.23077 -9999 -9999 -9999 -9999 -9999 -9999 -9999 -9999 -9999 -9999 -9999 -9999 -9999 -9999 -9999 -9999 -9999 -9999 -9999 -9999 -9999 -9999 -9999 -9999 -9999 -9999 -9999 -9999 -9999 -9999 36.50818 37.0248 36.04437 36.87302 37.64222 37.13057 38.64916 38.37368 40.71368 35.79931 36.78659 34.70923 -9999 -9999 -9999
33.32861 33.21315 32.95467 33.21996 33.80766 33.8758 33.91186 33.22812 33.2437 33.5778 34.03838 33.68605 33.22779 33.06667 32.32277 32.28765 33.25638 32.8111 32.33136 32.21028 31.58916 30.00635 -9999 -9999 -9999 -9999 -9999 -9999 -9999 -9999 -9999 -9999 -9999 -9999 -9999 -9999 -9999 -9999 -9999 -9999 -9999 -9999 -9999 -9999 -9999 -9999 -9999 -9999 -9999 -9999 -9999 32.06707 37.72805 36.96218 35.06038 35.95659 36.96362 38.97193 38.70534 40.4372 37.59026 36.53186 36.55043 33.85976 34.02325 -9999 -9999
32.37835 32.41734 33.08482 33.72852 34.64819 34.16987 33.58822 33.43384 33.71992 33.19646 33.70088 33.19872 33.07935 32.44056 33.44265 32.81305 32.13973 31.97281 29.82846 -9999 30.81351 -9999 27.53673 -9999 -9999 -9999 -9999 -9999 -9999 -9999 -9999 -9999 -9999 -9999 -9999 -9999 -9999 -9999 -9999 -9999 -9999 -9999 -9999 -9999 -9999 -9999 -9999 -9999 -9999 -9999 -9999 35.96482 37.89165 37.59382 35.64978 36.9677 38.3128 38.7039 37.30581 40.58163 37.6945 36.74394 36.17 34.34194 -9999 -9999 -9999
32.98585 33.48863 34.24651 33.86352 33.83679 33.7191 33.07212 34.4074 34.10778 32.96178 33.12093 33.26044 32.85582 33.0237 32.41661 32.22389 31.15721 30.89849 -9999 -9999 -9999 -9999 -9999 -9999 -9999 -9999 -9999 -9999 -9999 -9999 -9999 -9999 -9999 -9999 -9999 -9999 -9999 -9999 -9999 -9999 -9999 -9999 -9999 -9999 31.01379 -9999 -9999 -9999 -9999 -9999 -9999 34.85358 39.20807 39.97688 36.96154 37.12072 37.4191 38.46943 37.23859 40.26186 39.63901 34.74126 37.28357 35.27278 -9999 -9999 -9999
33.6958 33.24393 33.4877 34.05359 33.40805 33.20969 32.7902 33.82959 33.3442 33.07335 33.00377 32.54866 33.03903 32.14066 31.56055 31.2616 31.39355 30.04635 -9999 28.5042 28.98996 -9999 -9999 -9999 -9999 -9999 -9999 -9999 -9999 -9999 -9999 -9999 -9999 -9999 -9999 -9999 -9999 -9999 -9999 -9999 -9999 -9999 -9999 -9999 -9999 -9999 -9999 -9999 -9999 -9999 -9999 32.89557 37.58996 39.48231 36.37494 37.31748 39.06869 40.01702 37.81791 39.28891 38.64949 35.71865 36.94225 -9999 -9999 -9999 -9999
33.50004 33.27719 33.51577 32.84161 32.29422 33.14888 33.22844 33.53873 33.41787 33.06362 33.18532 32.60894 32.28625 31.76211 30.48042 29.83668 31.31832 -9999 -9999 -9999 -9999 -9999 -9999 -9999 -9999 -9999 -9999 -9999 -9999 -9999 -9999 -9999 -9999 -9999 -9999 -9999 -9999 -9999 -9999 -9999 -9999 -9999 -9999 -9999 -9999 -9999 -9999 -9999 -9999 -9999 -9999 -9999 38.15937 40.67223 37.64246 38.15213 39.39833 40.6844 38.95984 39.39278 37.47039 36.05774 37.08899 -9999 -9999 -9999 -9999
33.50264 33.29387 33.38209 32.86086 32.82423 32.90393 32.99992 33.32565 32.49534 32.79175 32.94505 32.47736 32.7869 32.40459 31.65097 30.53683 29.65714 -9999 -9999 -9999 -9999 -9999 -9999 -9999 -9999 -9999 -9999 -9999 -9999 -9999 -9999 -9999 -9999 -9999 -9999 -9999 -9999 -9999 -9999 -9999 -9999 -9999 -9999 -9999 -9999 -9999 -9999 -9999 -9999 -9999 -9999 -9999 -9999 40.44013 38.37386 38.51415 41.39793 40.41687 36.43816 37.61208 35.95026 36.03997 -9999 -9999 -9999 -9999 -9999
32.28384 32.45637 32.23264 32.86687 33.34084 33.13852 33.03122 33.15591 32.76948 32.81639 31.63874 31.5076 32.44086 32.48717 31.46545 30.71185 -9999 -9999 -9999 -9999 -9999 -9999 -9999 -9999 -9999 -9999 -9999 -9999 -9999 -9999 -9999 -9999 -9999 -9999 -9999 -9999 -9999 -9999 -9999 -9999 -9999 -9999 -9999 -9999 -9999 -9999 -9999 -9999 -9999 -9999 -9999 -9999 -9999 38.48478 40.98444 41.45953 41.29768 41.11426 36.45367 38.19471 36.20481 36.98924 -9999 -9999 -9999 -9999 -9999
33.08243 33.20127 32.61632 33.41831 33.66925 33.76975 32.91438 33.17869 32.92469 33.20183 33.38939 32.33285 31.9374 31.95635 30.71862 -9999 -9999 -9999 -9999 -9999 -9999 -9999 -9999 -9999 -9999 -9999 -9999 -9999 -9999 -9999 -9999 -9999 -9999 -9999 -9999 -9999 -9999 -9999 -9999 -9999 -9999 -9999 -9999 -9999 -9999 -9999 -9999 -9999 -9999 -9999 -9999 -9999 -9999 -9999 40.48064 42.47922 41.70601 41.46006 38.73515 38.05918 36.68879 -9999 -9999 -9999 -9999 -9999 -9999
