inst/extdata/envar/asc/bio4.asc
ncols         480
nrows         353
xllcorner     -1644588.35
yllcorner     1550510.45
cellsize      10000
NODATA_value  -9999
[rows 319 to 347 of 353, columns 67 to 133 of 480]
234.4711 236.3248 228.47 224.3971 225.4653 224.5423 218.5998 219.1845 225.3747 222.5471 203.0267 207.7985 185.7049 218.6079 221.8856 223.5329 235.7764 224.1229 250.4338 236.2847 264.0816 230.5306 228.1956 241.879 239.6122 232.2707 233.8792 240.139 260.5814 243.7229 257.026 260.6553 246.6395 258.9752 266.7082 274.6872 269.0755 267.389 266.9906 268.3395 261.9682 257.2557 262.4248 251.7158 257.695 257.6481 254.7116 250.8857 247.2878 245.6589 252.2415 245.9025 246.4242 244.653 238.5262 247.1503 254.6337 255.246 256.4687 259.6441 253.4371 263.2348 258.7205 268.0125 265.7385 264.3641 272.3825
216.9511 233.4274 228.9761 224.7796 219.1044 217.8931 217.6225 215.896 221.5689 220.6462 215.3951 204.7543 217.2567 215.878 217.4397 219.9225 216.6703 228.302 254.8338 239.9054 260.4198 221.3757 238.4099 228.6372 224.6869 235.1359 242.9934 254.6776 250.0646 244.3861 259.7895 262.0462 258.3099 262.6587 270.4745 267.1427 267.9084 268.4818 263.1738 260.5692 246.4852 261.8333 259.5136 251.8075 260.273 256.7082 240.4495 237.1792 249.3057 246.6537 246.8941 240.7785 239.234 243.8521 250.9341 249.8881 257.8471 251.5458 257.7327 255.0798 257.7208 262.0972 255.944 261.1662 263.9366 262.6745 264.6886
217.4756 222.5427 227.468 223.8813 221.6236 211.7157 213.4265 217.7261 218.2214 220.1263 218.7858 196.421 195.074 219.0463 205.0738 220.6848 189.3539 236.9966 225.7447 228.2783 246.5455 245.5653 217.7933 227.534 229.5024 238.6313 240.1454 229.2858 240.5048 254.1783 257.5132 260.8369 260.6614 256.7807 267.5001 260.0591 258.0158 262.9932 245.1506 248.4626 262.8733 266.828 260.8664 254.2012 257.3084 246.1266 250.6146 239.4809 242.0286 240.0786 233.4096 238.1414 232.9272 241.3608 238.6661 248.7712 252.4881 257.0222 259.5593 255.5832 256.1366 254.8663 254.7141 257.485 261.5454 253.4706 258.7907
221.4115 230.2234 229.2458 220.0126 213.7612 201.7902 210.1444 216.3132 214.7068 219.0218 212.2713 195.5647 193.2731 213.2541 197.4016 220.3425 208.112 228.6888 237.0758 221.5858 219.2385 239.9963 220.6786 212.6033 234.5651 235.7304 236.2165 244.129 242.052 255.6309 242.4197 254.7617 256.7523 251.3329 232.9158 263.0807 259.1189 240.2241 259.7398 264.4779 256.0823 250.6258 255.7993 262.0109 256.4036 235.5723 236.9082 232.8357 226.7505 236.9384 238.7551 231.5041 236.1083 228.4989 241.8959 247.59 246.3822 253.756 259.1285 254.4651 255.1656 255.3535 250.26 258.8833 260.5385 250.1069 254.8146
213.452 224.6783 221.7728 218.8245 210.2975 201.4705 211.2808 212.2457 211.8179 213.5481 190.8679 195.9816 194.5707 210.037 193.0422 216.437 213.3759 195.0074 223.0201 225.716 209.0874 243.0105 204.6003 211.5625 221.9011 238.5218 229.2293 227.4097 242.8074 241.8314 250.1731 253.3767 249.624 245.9383 245.4183 247.563 238.711 257.2888 259.97 258.1328 258.2812 250.5804 246.0185 251.2821 234.6014 243.9375 238.4153 224.7744 216.3717 232.252 229.5848 229.2671 226.0465 235.4177 238.1358 241.8608 242.3078 252.1869 256.4005 250.8321 257.1328 254.9511 247.1736 256.8148 254.8154 253.623 255.1978
217.0952 219.0594 217.6937 209.2168 201.1762 190.7902 193.2349 195.278 194.9736 206.3269 201.9626 186.2826 201.8669 192.9436 202.6991 207.5332 211.1698 196.3202 211.2715 223.4799 209.4199 235.9608 231.8047 211.1212 223.1267 228.1791 231.7124 234.0291 238.1503 246.8431 247.45 250.8022 246.3893 243.217 256.8954 245.3807 249.7316 245.871 252.5944 255.1012 255.7751 243.5969 233.8139 238.6667 236.217 230.9944 236.9725 228.0649 221.6088 226.5 228.3979 229.3836 239.5308 238.1827 240.6736 241.2205 248.6737 247.2322 249.8089 250.4105 252.3549 249.3862 246.2383 254.2546 251.0164 247.8104 251.6073
198.553 208.9381 211.6272 206.8257 195.405 190.4052 190.101 190.3898 188.9736 197.5459 189.1245 184.9715 195.0645 198.0566 208.7049 204.6949 210.8915 201.1669 194.1166 202.9457 220.5058 205.7567 224.0964 199.6502 213.9792 234.4726 219.6712 225.6394 238.4856 250.3125 240.8532 244.8395 234.7229 250.6114 252.9815 243.8523 234.2074 245.2062 254.2934 255.7781 248.2298 241.6582 230.3319 232.97 228.6223 228.3549 230.9128 235.4516 230.8472 235.1708 231.0858 229.9633 233.6041 232.1986 241.2012 240.5061 244.2819 242.0123 248.9915 245.878 251.0229 249.745 245.5573 251.0812 249.4076 252.0141 249.1804
207.4394 202.0158 196.5239 193.2838 190.0557 187.1962 186.6412 183.2848 178.397 184.2317 191.2164 191.4731 192.2193 199.667 197.5791 203.5375 198.3579 195.5681 198.091 200.5177 205.593 220.1147 201.4035 221.5919 204.6375 223.363 207.7142 222.6036 232.9104 212.7868 228.3597 241.0619 241.2183 251.4995 238.9267 249.5913 240.2885 250.3763 243.5087 246.084 238.0573 234.6349 230.7937 224.4281 220.4027 223.9696 227.5243 224.4201 227.0774 229.4176 229.843 217.3796 232.0108 228.7075 234.0175 234.9416 233.3471 246.2017 246.3221 246.452 247.8575 243.5672 244.4622 241.7003 245.0276 248.2001 250.1307
196.8163 192.6439 196.6651 192.4916 183.2077 184.6484 181.4527 181.0112 171.8131 166.1431 175.4513 186.456 187.3248 177.7198 186.7174 197.5674 189.4629 188.6506 194.0732 198.7956 173.1277 209.9583 224.4583 206.4739 202.9989 224.3056 224.214 216.8734 217.8189 214.2805 221.7394 238.1881 247.1462 251.0167 236.6112 247.9498 234.3816 238.1153 240.2984 232.687 231.1263 232.8084 227.5013 214.3936 202.8354 215.0902 217.2903 222.8594 224.9302 230.2444 223.3462 225.2262 229.6666 230.3618 236.8014 232.392 235.4657 235.8751 240.0904 238.5249 245.7523 248.41 243.4549 241.2556 247.0848 248.4366 249.5558
187.8944 181.5785 184.5984 185.0545 181.2459 179.6785 175.4632 172.9783 -9999 -9999 165.5178 171.9374 178.1883 180.9536 188.4592 190.5289 191.3106 189.3313 193.2508 188.5991 190.1772 177.1393 219.5474 219.06 202.0078 218.6674 234.6221 220.0976 222.9775 225.826 218.2532 213.7593 243.5781 247.0265 232.5003 241.9481 241.1423 240.3624 234.1601 231.4888 229.6134 235.271 227.8034 215.3573 208.8535 215.5649 224.5174 229.2124 224.1185 221.8918 221.1218 221.2589 222.8106 229.5734 232.2243 233.8036 231.843 231.7417 239.106 241.0902 243.0022 247.2466 246.164 240.9604 243.5064 243.1287 249.7855
176.5208 169.4469 169.622 174.2263 179.2593 179.8545 173.2087 168.0199 -9999 -9999 -9999 163.6893 169.1339 176.3013 180.7095 186.1027 190.8441 186.3148 186.4049 190.9276 195.6819 174.3396 209.043 222.5786 220.413 205.443 227.9001 214.6 223.8976 219.5124 212.3975 233.9229 243.6769 247.7513 239.5304 236.9344 236.2676 235.9494 233.4627 227.9529 230.1712 233.696 226.6177 217.5807 213.2381 216.3102 223.6621 218.3533 216.1911 214.8647 220.4326 216.6603 215.6948 220.8818 230.1353 233.4854 232.8032 233.9637 225.9586 239.2231 240.065 245.9628 246.974 244.2121 240.5754 243.1941 241.4801
169.1673 171.2021 166.3099 181.2611 173.8887 175.7815 170.2979 162.195 -9999 -9999 155.0878 -9999 165.0162 168.8911 177.2435 179.31 180.0496 186.2526 183.8608 189.308 193.4411 183.7637 191.9872 208.6549 217.681 210.5397 203.8097 226.2066 226.8317 221.5573 229.9128 226.0834 241.5657 244.5175 242.4756 238.6881 229.9903 232.7002 231.0944 229.5229 229.9543 229.6116 219.6507 211.7356 211.26 205.9567 218.4243 213.6042 217.5934 216.3884 212.3227 211.4825 211.6165 219.2536 228.2729 231.8679 229.7577 223.6966 224.0594 225.922 239.9552 246.2865 242.4896 246.3182 242.047 244.4187 244.5612
157.3868 162.0395 172.0753 179.7769 176.8443 172.7356 163.4043 -9999 -9999 -9999 -9999 -9999 164.8069 163.3737 170.5596 171.121 173.848 171.0351 175.2776 183.3214 188.9278 183.5498 164.1875 200.6706 201.5286 216.8226 215.0904 208.6002 217.347 226.4941 226.3233 241.4513 242.3461 238.4157 245.6067 239.4122 233.1723 229.9115 229.1915 229.2654 221.7903 221.9117 217.1843 209.5172 210.228 202.0262 207.8548 210.5927 206.2831 216.4581 213.0883 208.4887 209.282 211.0914 217.6877 224.1261 226.9918 229.1997 222.31 229.6553 239.7388 246.9713 247.5586 246.917 242.1921 241.9129 243.5432
160.3657 164.0559 175.4272 178.882 177.2917 172.2144 160.4195 -9999 -9999 -9999 -9999 -9999 158.3243 160.0436 164.8055 168.2019 166.9603 165.8976 178.0282 181.3478 180.4028 182.6518 160.4347 200.207 207.6499 203.5477 207.0343 207.759 212.9989 209.7326 227.5868 242.4491 236.5943 243.58 244.8573 239.7965 236.9455 233.9137 226.5553 225.5845 217.693 222.9003 218.1253 210.1301 205.4087 204.8947 199.8588 203.0731 204.6939 215.6335 211.963 209.9992 213.0125 209.8327 217.4809 215.2123 220.2067 224.3089 219.3541 227.4249 231.8711 238.1544 241.0282 240.37 239.308 242.1929 242.3743
170.4092 159.0384 167.837 171.9647 170.2093 165.4052 -9999 -9999 -9999 -9999 -9999 -9999 152.9196 154.2511 156.0561 161.5854 164.0834 165.4436 170.0464 170.6118 173.289 175.5414 172.5585 186.5247 210.2664 200.4534 202.7466 202.9003 213.8284 212.4204 220.9638 232.0807 241.4825 239.2438 236.4426 236.292 233.7559 226.1842 213.8527 222.9469 216.8716 219.6499 216.6268 213.4736 203.7846 204.0537 205.5252 201.7604 209.6136 203.9132 211.5069 215.6901 217.045 199.9355 221.4809 209.9498 212.9225 216.3083 218.8433 230.3069 233.7611 231.0623 235.3237 240.9387 243.4313 243.078 244.8192
172.1113 154.1181 164.706 162.231 162.532 156.2599 -9999 -9999 -9999 -9999 -9999 -9999 -9999 149.7452 141.0931 157.138 160.9075 161.8587 160.5796 166.4814 171.5797 171.7883 176.12 174.5425 201.1686 206.084 202.8428 202.7741 216.035 225.0272 210.4961 225.5715 239.2144 230.3743 232.1693 228.8946 228.8188 218.9877 216.6367 216.2512 215.3166 213.6066 212.0291 210.2617 203.2229 198.4139 202.1179 201.3811 210.7469 208.5878 207.694 211.8158 208.7221 199.1459 204.8103 203.7951 202.9592 209.8717 222.1684 226.7302 235.3908 228.9154 233.7884 236.6452 237.1197 237.2259 236.401
171.512 148.3017 -9999 -9999 -9999 -9999 -9999 -9999 -9999 -9999 -9999 -9999 -9999 144.7135 144.1784 148.9557 152.0664 159.1557 158.5678 160.6301 165.9294 170.8844 176.3172 172.0893 195.9018 201.45 205.0539 203.9964 197.9741 210.5635 216.1079 203.8647 229.5044 226.5032 218.8299 224.7417 221.0299 213.8783 206.7498 212.6738 209.4397 209.8692 208.8671 204.4399 200.0313 202.2859 204.7926 201.4477 204.1231 203.1496 206.5222 208.0362 207.806 205.3259 201.5346 200.1986 201.8796 206.7323 221.088 226.1179 229.0544 231.4837 234.1358 229.319 236.4723 241.0809 239.2759
149.2547 -9999 -9999 -9999 -9999 -9999 -9999 -9999 -9999 -9999 -9999 -9999 -9999 -9999 145.8058 144.2163 146.488 147.3365 154.2174 160.5796 163.4002 167.3911 171.0477 172.9283 179.0235 191.2482 196.9696 196.0018 194.2636 201.7721 195.9069 204.2047 216.04 212.8102 216.3689 209.4393 210.7785 205.3825 201.0809 207.424 208.1378 208.3927 206.6339 203.4624 202.0347 201.279 200.0062 197.9976 191.8816 196.8567 202.0777 204.8751 209.6043 208.8172 202.1136 198.9682 202.7025 209.7188 218.9569 229.0273 227.3108 226.7237 231.7025 230.1455 236.577 238.9304 237.9883
-9999 -9999 -9999 -9999 -9999 -9999 -9999 -9999 -9999 -9999 -9999 -9999 -9999 -9999 145.6127 -9999 142.4576 148.7176 153.1234 163.0451 164.2575 168.1727 164.698 170.0845 162.1171 173.1693 178.7579 199.4984 194.59 195.069 195.4618 200.9887 217.2821 214.6809 217.7157 204.7873 202.0234 201.4404 201.995 200.7282 202.6662 200.6647 200.089 201.7454 200.2711 201.2434 201.4557 199.3243 195.7772 195.5024 198.7489 205.6506 211.0867 207.1591 198.4105 200.5338 200.8896 206.8724 223.6301 228.1748 225.1032 224.2798 228.7159 233.6496 236.9904 237.856 235.4229
-9999 -9999 -9999 -9999 -9999 -9999 -9999 -9999 -9999 -9999 -9999 -9999 -9999 -9999 142.8469 139.9488 138.6986 144.7928 151.2552 156.6885 166.807 168.5164 171.5744 177.0082 166.8475 178.9382 195.766 198.147 195.3109 187.2728 184.5717 190.5466 207.9762 207.3799 206.8333 203.8952 200.2124 197.7269 193.7398 199.464 203.6826 198.7866 197.8363 196.4316 199.8535 196.5732 200.9974 198.4635 197.1752 194.5527 198.2225 205.0952 207.2752 207.8941 197.862 201.2014 203.7823 210.1776 224.8538 226.1711 226.5386 226.5076 227.5879 233.0154 235.7925 231.5376 236.9421
-9999 -9999 -9999 -9999 -9999 -9999 -9999 -9999 -9999 -9999 -9999 -9999 -9999 -9999 -9999 -9999 137.4579 136.8411 146.9973 149.438 159.425 166.4406 168.7198 176.8517 164.1052 169.8141 186.5297 195.1122 197.5391 192.7612 182.5361 184.5779 203.0858 202.2641 201.7892 200.8381 197.7808 197.6803 194.1666 191.643 198.9355 204.13 199.0706 199.2721 195.9883 194.3613 195.1489 197.8063 192.5915 191.7527 193.1497 197.7113 198.6648 203.5091 198.0692 202.7069 203.1027 205.7946 218.1937 224.242 225.4199 225.0189 226.4551 230.325 242.6155 242.6517 241.582
-9999 -9999 -9999 -9999 -9999 -9999 -9999 -9999 -9999 -9999 -9999 -9999 -9999 -9999 -9999 130.4979 135.4012 134.2594 144.7487 150.8843 154.5403 162.5507 165.5332 172.1274 163.1907 161.8551 182.366 181.9894 193.1474 188.689 188.1685 185.5225 201.4575 202.6617 195.6915 198.3625 194.1094 197.6742 199.8373 194.2286 197.9497 203.1261 201.608 197.9243 198.3382 195.7103 192.2944 198.3945 194.9181 193.0126 192.6459 192.9328 184.4411 196.2311 200.7911 208.2534 206.6026 206.3087 213.2479 219.7466 225.7127 222.7686 229.1753 219.95 234.0025 237.7217 234.0168
-9999 -9999 -9999 -9999 -9999 -9999 -9999 -9999 -9999 -9999 -9999 -9999 -9999 -9999 -9999 126.3038 136.531 134.8738 143.0599 147.1865 147.9637 155.3668 158.1202 169.46 167.5691 161.5239 178.0977 174.9218 186.2459 191.756 181.8961 170.2453 195.682 196.8233 194.9147 191.0772 193.1585 199.069 198.425 192.4564 197.1581 194.3015 195.3842 199.4268 197.2399 194.9938 195.553 196.6858 192.8112 195.1528 190.2171 193.199 193.2378 197.339 198.3596 199.5971 205.893 206.5368 206.9583 207.6274 215.4163 220.5287 216.24 223.1927 217.8895 225.9879 232.5111
-9999 -9999 -9999 -9999 -9999 -9999 -9999 -9999 -9999 -9999 -9999 -9999 -9999 -9999 -9999 -9999 129.4024 130.7361 143.8546 144.8286 145.7092 154.2554 152.9271 163.8257 164.0254 156.6967 164.9211 177.0002 183.3583 185.3754 180.4662 185.9065 195.108 197.6796 195.0072 191.6285 191.2118 188.5 194.4135 190.6421 192.1604 197.6389 192.282 197.1327 196.9712 193.5446 197.6296 198.5453 190.809 190.8773 187.4011 185.4151 193.1745 194.5752 195.3564 198.6483 204.5946 211.5717 205.7596 206.0728 203.6414 200.2546 212.3555 219.386 213.0289 221.7975 227.6652
-9999 -9999 -9999 -9999 -9999 -9999 -9999 -9999 -9999 -9999 -9999 -9999 -9999 -9999 -9999 -9999 -9999 133.7973 144.7108 144.9591 145.2621 154.1668 153.8427 156.9177 164.4382 163.9865 161.7993 171.9149 176.5686 175.986 179.1207 180.1505 194.8324 197.8219 194.9361 189.0994 189.0807 190.5088 187.9235 191.9148 191.8289 195.5732 190.9498 197.7408 197.3589 193.8202 196.8045 196.2504 193.6854 194.8814 191.738 185.3488 187.0291 189.2763 195.1337 193.9518 205.0927 201.8853 207.4717 202.0865 212.9702 209.4639 209.1217 209.5878 220.1355 223.8993 226.3491
-9999 -9999 -9999 -9999 -9999 -9999 -9999 -9999 -9999 -9999 -9999 -9999 -9999 -9999 -9999 -9999 130.4728 129.6766 133.5158 145.8814 152.883 156.4964 151.6364 148.7984 157.7358 162.817 161.0443 171.5383 175.6667 181.0815 175.1355 178.1456 189.9857 191.5578 192.6665 188.759 188.4863 186.4962 186.5789 192.6386 197.4029 189.2813 194.313 199.8306 198.798 194.5618 200.2645 195.3531 189.3857 195.906 184.2099 182.3397 190.7078 187.891 192.8301 196.6297 204.5875 199.6479 198.8319 200.1992 202.901 204.5699 206.0701 205.2789 213.785 214.4567 218.5519
-9999 -9999 -9999 -9999 -9999 -9999 -9999 -9999 -9999 -9999 -9999 -9999 -9999 -9999 -9999 -9999 -9999 128.9612 131.0479 142.765 147.0801 151.96 151.2025 151.847 157.4437 162.3154 154.0861 170.8091 173.0515 172.4883 176.656 183.0536 181.262 187.8564 189.6171 188.3806 187.0837 187.5266 193.1872 194.6037 193.6493 196.7436 196.2975 194.8875 194.6726 195.474 201.4825 202.5024 188.9462 188.8197 189.5224 186.1326 189.9417 192.792 193.601 197.2581 197.9947 200.4938 203.0846 204.6423 205.7006 205.6007 205.108 206.6033 207.4519 210.4941 215.3351
-9999 -9999 -9999 -9999 -9999 -9999 -9999 -9999 -9999 -9999 -9999 -9999 -9999 -9999 -9999 -9999 -9999 127.1477 133.5776 130.4312 144.1547 151.715 147.0436 146.6581 153.3921 157.7921 152.91 167.672 162.949 169.9945 173.2432 177.1588 186.12 189.2161 190.7216 192.7703 189.6118 188.0191 189.1088 189.3698 192.1663 191.788 191.7076 187.2651 180.8855 183.3053 196.1542 196.2681 185.79 188.7739 190.508 189.9059 186.237 195.4207 192.8824 192.6612 193.1897 201.3864 203.6685 205.2123 205.0196 205.0081 208.7825 208.3283 209.205 212.2265 216.942
-9999 -9999 -9999 -9999 -9999 -9999 -9999 -9999 -9999 -9999 -9999 -9999 -9999 -9999 -9999 -9999 -9999 127.7656 129.4487 133.3676 139.979 144.9523 148.5514 148.5228 145.8337 155.3443 159.1058 159.1689 173.7705 167.4705 173.5143 176.3187 185.3879 180.1808 194.6441 184.2317 188.7969 187.3988 187.1117 186.2945 189.8172 187.4739 186.8738 186.9957 193.8064 196.1904 194.3166 191.2478 186.0093 188.0795 186.4866 190.7342 191.4536 189.4788 191.0365 190.1601 192.3012 199.7553 206.0628 204.2241 201.2864 204.5565 204.5941 207.23 210.9793 213.8758 210.1505
