inst/extdata/envar/asc/bio4.asc
ncols         480
nrows         353
xllcorner     -1644588.35
yllcorner     1550510.45
cellsize      10000
NODATA_value  -9999
[rows 0 to 28 of 353, columns 0 to 66 of 480]
1329.493 1344.822 1376.496 1404.473 1443.027 1467.766 1508.847 1570.071 1651.039 1634.98 1675.736 1669.222 1654.131 1638.502 1627.231 1600.804 1601.087 1608.365 1606.542 1598.542 1596.082 1597.358 1609.856 1576.207 1569.759 1581.365 1582.947 1594.072 1572.974 1530.267 1546.385 1547.482 1539.679 1507.237 1524.847 1529.067 1537.546 1519.96 1511.836 1516.421 1501.421 1506.049 1513.662 1466.342 1451.165 1413.173 1434.191 1426.948 1416.313 1430.997 1375.604 1287.99 1409.627 1522.117 1512.551 1467.886 1248.269 1385.879 1218.571 1344.819 1484.072 1363.446 1098.338 1090.361 1288.071 1326.147 1252.108
1448.911 1426.855 1456.306 1500.013 1516.155 1542.891 1577.8 1643.384 1652.979 1627.105 1675.7 1614.893 1622.451 1642.777 1643.559 1628.194 1613.472 1614.342 1613.355 1600.548 1595.096 1593.305 1608.188 1599.702 1590.218 1588.762 1580.906 1589.098 1626.744 1597.174 1525.328 1541.574 1521.805 1516.404 1513.451 1527.918 1524.718 1494.402 1514.608 1512.775 1533.074 1514.887 1481.977 1449.225 1413.087 1439.892 1434.917 1426.789 1389.686 1414.813 1400.404 1344.523 1442.131 1430.981 1314.749 1359.354 1450.782 1463.714 1442.189 1404.504 1483.569 1407.582 1371.543 1329.745 1337.351 1346.705 1261.651
1560.792 1577.479 1587.243 1591.928 1601.669 1600.088 1625.133 1657.939 1668.07 1675.15 1671.389 1633.509 1671.588 1664.003 1657.86 1637.053 1625.08 1615.599 1612.801 1604.768 1604.406 1595.754 1606.252 1620.109 1602.399 1594.78 1588.31 1596.795 1602.77 1629.903 1604.16 1525.325 1520.664 1506.561 1507.877 1499.5 1492.891 1491.011 1499.955 1511.324 1498.69 1483.335 1471.104 1444.753 1389.185 1393.147 1430.115 1438.76 1403.629 1430.707 1393.774 1397.649 1448.592 1368.779 1335.529 1303.252 1262.692 1415.477 1491.631 1478.663 1479.298 1541.437 1465.298 1438.265 1426.074 1390.071 1344.712
1605.77 1618.162 1617.212 1609.269 1619.434 1641.788 1662.463 1673.212 1679.579 1659.832 1653.257 1667.928 1670.395 1661.204 1656.929 1649.922 1639.357 1632.669 1613.184 1606.726 1605.67 1600.289 1605.577 1609.313 1610.298 1596.712 1599.45 1605.419 1604.505 1597.555 1589.155 1596.4 1547.882 1503.904 1513.31 1489.708 1482.857 1484.836 1493.175 1502.336 1498.222 1472.381 1451.075 1439.076 1411.07 1363.514 1359.055 1348.168 1364.339 1396.544 1277.817 1229.408 1421.778 1434.507 1357.008 1347.577 1356.377 1294.489 1300.785 1474.597 1510.644 1522.004 1438.981 1459.339 1474.633 1429.503 1484.974
1578.368 1613.161 1600.578 1587.094 1592.2 1611.305 1647.521 1670.22 1664.986 1623.325 1625.931 1645.088 1662.382 1662.634 1655.142 1644.313 1646.193 1648.073 1629.835 1616.784 1609.526 1607.49 1607.916 1607.613 1613.515 1603.225 1604.229 1604.523 1596.244 1592.07 1581.182 1571.016 1550.901 1544.856 1554.687 1537.001 1479.331 1478.294 1483.58 1493.168 1480.63 1477.761 1451.465 1432.102 1396.195 1373.01 1351.497 1339.377 1315.385 1290.136 1270.332 1103.963 1321.539 1463.103 1419.476 1398.327 1298.029 1414.114 1381.569 1341.456 1428.768 1446.474 1520.228 1491.327 1497.752 1323.179 1357.625
1622.566 1639.858 1643.383 1624.16 1583.796 1606.48 1628.714 1648.375 1675.924 1683.709 1647.375 1643.703 1674.61 1669.733 1661.349 1651.887 1614.228 1643.917 1642.089 1631.701 1615.552 1617.018 1611.883 1605.695 1616.153 1608.465 1604.417 1603.684 1596.503 1585.736 1577.61 1564.041 1547.49 1530.143 1516.086 1502.364 1488.683 1493.467 1478.527 1480.733 1464.682 1462.78 1454.14 1433.721 1417.589 1378.076 1364.961 1347.459 1339.237 1314.994 1269.06 1259.356 1252.797 1413.641 1371.491 1300.893 1386.769 1460.349 1499.112 1400.323 1301.852 1521.854 1532.306 1385.757 1458.885 1489.981 1471.57
1615.197 1627.272 1638.926 1637.941 1583.691 1595.397 1604.903 1648.845 1652.552 1667.293 1651.197 1665.066 1674.169 1669.019 1659.763 1651.58 1636.602 1609.175 1636.806 1634.129 1626.825 1614.135 1605.341 1604.135 1612.77 1613.269 1603.937 1603.374 1600.736 1582.01 1572.376 1550.717 1540.874 1524.452 1519.47 1501.181 1504.02 1496.26 1475.261 1453.401 1454.925 1442.625 1434.737 1418.562 1391.914 1348.634 1339.089 1324.561 1318.976 1299.282 1281.381 1162.458 1351.703 1392.338 1387.047 1377.892 1448.844 1470.898 1470.591 1505.302 1518.443 1525.951 1526.863 1440.011 1446.008 1506.514 1490.235
1598.555 1616.788 1633.269 1622.996 1585.411 1586.945 1592.974 1645.107 1660.125 1659.289 1625.836 1605.053 1633.741 1656.414 1658.882 1649.296 1623.495 1574.211 1624.147 1626.9 1624.257 1608.405 1602.671 1605.408 1613.198 1618.796 1610.065 1604.283 1596.433 1576.397 1571.925 1545.896 1537.059 1525.172 1516.62 1504.524 1494.004 1487.262 1479.461 1459.676 1442.933 1429.096 1425.196 1408.955 1358.099 1338.215 1299.786 1322.161 1288.747 1278.566 1274.388 1273.053 1352.718 1343.391 1286.599 1310.174 1330.935 1375.919 1378.939 1433.566 1504.513 1518.208 1514.965 1493.274 1508.366 1507.86 1421.675
1569.639 1568.788 1626.594 1627.389 1579.175 1576.53 1587.88 1637.541 1638.446 1625.205 1630.824 1612.008 1584.772 1589.828 1634.738 1641.18 1629.873 1561.052 1576.951 1623.881 1629.589 1614.53 1609.192 1606.088 1609.51 1612.881 1610.426 1604.275 1595.131 1576.075 1572.434 1555.092 1538.223 1532.218 1527.714 1525.09 1490.043 1479.701 1442.741 1424.054 1398.727 1383.608 1360.997 1338.263 1337.501 1319.359 1284.36 1269.406 1260.181 1265.072 1262.878 1295.383 1268.341 1212.809 1238.255 1284.188 1296.525 1349.147 1412.369 1474.372 1486.735 1511.424 1507.434 1513.213 1523.986 1537.411 1532.13
1534.426 1530.338 1563.219 1592.263 1602.651 1572.519 1576.628 1598.314 1609.223 1594.095 1609.898 1609.48 1586.368 1577.978 1574.923 1628.261 1628.342 1570.034 1557.747 1579.115 1619.454 1618.683 1614.119 1610.429 1612.411 1614.976 1610.338 1603.21 1596.363 1582.536 1570.873 1551.89 1545.259 1539.72 1533.135 1527.313 1511.22 1499.288 1511.235 1416.208 1353.537 1335.796 1318.935 1291.269 1286.11 1281.905 1272.466 1245.471 1269.725 1220.765 1242.73 1241.652 1122.94 1078.225 1149.002 1215.848 1272.232 1311.218 1387.298 1473.154 1490.56 1502.477 1519.782 1522.3 1525.895 1496.575 1498.164
1515.66 1497.208 1512.024 1542.528 1552.049 1548.052 1548.736 1591.983 1605.586 1588.385 1567.918 1571.231 1570.593 1564.063 1566.711 1596.477 1606.222 1572.509 1566.548 1567.913 1591.382 1622.839 1622.844 1621.201 1619.686 1616.405 1619.756 1607.628 1606.135 1594.462 1573.79 1562.422 1551.56 1547.374 1536.601 1528.689 1541.215 1527.162 1536.836 1439.698 1379.741 1342.451 1288.773 1212.317 1214.118 1215.052 1189.387 1243.006 1254.212 1250.835 1178.307 1125.803 1094.62 1045.59 1058.597 1121.633 1188.093 1275.969 1368.407 1439.048 1489.273 1512.212 1504.475 1473.386 1460.72 1480.696 1470.343
1486.031 1477.276 1497.475 1509.208 1523.503 1527.163 1533.397 1552.07 1577.162 1578.062 1562.623 1562.261 1567.299 1564.839 1551.464 1556.425 1559.654 1582.182 1584.936 1566.136 1583.442 1598.93 1620.038 1624.654 1623.905 1621.63 1620.97 1614.653 1612.967 1600.138 1578.173 1570.345 1563.832 1553.548 1540.125 1542.797 1539.504 1561.982 1559.103 1482.933 1395.233 1352.71 1308.653 1248.843 1240.256 1220.197 1211.8 1188.638 1218.819 1173.699 1163.563 1136.395 1026.758 994.3465 994.9828 1030.013 1088.692 1164.541 1257.075 1366.44 1445.702 1446.084 1417.23 1414.418 1402.674 1384.999 1384.967
1484.211 1501.868 1479.648 1498.428 1500.44 1513.598 1512.914 1513.821 1542.536 1544.864 1546.39 1556.965 1553.968 1549.419 1542.378 1545.112 1552.563 1557.464 1568.675 1575.796 1570.437 1583.988 1608.398 1615.92 1617.009 1623.352 1625.848 1621.842 1621.487 1608.319 1590.035 1574.551 1568.881 1558.996 1553.942 1554.379 1544.164 1587.885 1565.712 1515.537 1456.854 1414.678 1373.372 1331.776 1304.253 1281.019 1259.666 1231.438 1195.041 1187.807 1175.046 1198.534 1104.427 1005.328 957.546 983.5217 982.4907 1126.875 1286.613 1351.708 1351.874 1355.252 1352.303 1353.948 1331.032 1299.709 1300.894
1267.612 1406.729 1440.406 1454.707 1482.882 1459.445 1466.354 1517.599 1530.831 1523.618 1516.321 1525.867 1530.386 1534.011 1533.08 1529.767 1537.409 1556.778 1552.502 1554.786 1555.102 1558.022 1571.914 1598.344 1612.42 1603.025 1608.793 1618.28 1623.832 1615.206 1599.98 1585.062 1575.236 1569.512 1569.944 1567.975 1563.308 1585.499 1577.44 1551.445 1488.723 1468.633 1430.207 1390.032 1367.597 1359.877 1336.732 1317.273 1288.414 1231.691 1210.787 1240.659 1218.152 1130.007 1061.987 1034.819 999.9455 1148.096 1290.169 1177.072 1226.327 1249.404 1272.854 1306.834 1339.175 1304.049 1285.482
1058.736 1028.296 1332.12 1316.303 1402.801 1434.727 1458.516 1461.9 1477.279 1480.932 1482.726 1512.459 1495.643 1512.21 1519.886 1508.33 1509.481 1523.778 1546.039 1558.796 1577.307 1551.949 1577.399 1568.798 1606.32 1611.07 1590.016 1600.694 1620.791 1626.192 1613.227 1601.411 1586.815 1581.038 1583.81 1580.242 1573.019 1592.069 1578.102 1574.963 1539.25 1524.03 1500.975 1472.337 1428.505 1405.334 1388.473 1408.951 1408.048 1361.72 1288.24 1264.285 1282.891 1260.304 1248.761 1231.561 1178.764 1175.509 1277.527 1316.294 1186.119 1233.41 1220.928 1216.636 1208.634 1181.742 1235.705
999.0035 1115.987 1021.983 976.9556 1258.707 1270.44 1281.862 1369.606 1397.709 1455.023 1456.637 1475.733 1493.284 1487.775 1496.215 1474.456 1488.217 1512.197 1528.726 1563.448 1569.747 1534.27 1570.184 1556.637 1582.154 1602.707 1582.251 1582.819 1620.133 1630.134 1622.207 1614.73 1604.622 1592.797 1592.657 1590.073 1591.208 1602.72 1603.052 1581.747 1571.308 1555.18 1547.811 1539.59 1502.827 1486.639 1490.312 1486.029 1474.091 1422.982 1320.308 1295.114 1288.914 1275.667 1313.835 1325.228 1325.448 1266.754 1307.301 1375.209 1311.98 1366.539 1353.831 1241.425 1138.396 1085.07 1111.674
958.4911 971.6565 964.1397 1108.901 1096.451 1067.223 1214 1281.174 1288.551 1381.602 1406.243 1427.18 1463.6 1409.461 1469.567 1471.996 1486.258 1495.479 1510.068 1528.162 1557.311 1521.729 1550.86 1567.571 1560.074 1579.752 1580.559 1565.16 1604.77 1623.984 1627.96 1619.776 1617.998 1606.692 1605.295 1597.441 1594.426 1606.25 1612.431 1602.603 1597.547 1585.18 1570.242 1552.158 1543.742 1530.328 1518.483 1499.389 1485.801 1447.208 1388.489 1347.934 1309.824 1305.223 1338.467 1362.167 1377.19 1369.235 1363.568 1414.61 1419.696 1423.106 1434.198 1425.158 1387.258 1321.391 1294.609
1022.829 1029.522 1094.1 1139.424 962.7418 999.413 1007.34 1142.608 1203.149 1332.242 1369.903 1397.936 1424.175 1467.833 1455.391 1445.715 1437.958 1452.058 1477.75 1485.62 1497.868 1496.211 1526.665 1547.994 1544.482 1567.903 1548.525 1561.273 1575.803 1570.922 1571.951 1600.795 1613.29 1579.788 1592.634 1602.21 1600.095 1595.608 1604.336 1602.976 1597.479 1591.927 1581.281 1571.268 1558.101 1538.088 1513.611 1492.23 1462.674 1441.299 1422.241 1395.033 1365.203 1341.018 1354.655 1371.233 1381.73 1387.776 1307.845 1362.634 1394.439 1387.292 1398.158 1422.304 1448.468 1451.199 1465.524
1058.923 959.8264 966.344 919.9711 961.0506 1058.352 920.7343 961.8762 1074.282 1227.978 1274.071 1316.652 1354.788 1294.556 1400.061 1409.856 1411.037 1369.595 1440.876 1485.113 1457.051 1471.242 1501.791 1524.482 1532.322 1537.716 1536.68 1534.471 1569.59 1558.437 1563.265 1579.292 1595.03 1572.974 1576.472 1587.242 1585.786 1584.713 1579.738 1590.764 1587.878 1582.101 1579.591 1567.412 1554.24 1512.5 1500.311 1494.727 1459.942 1430.68 1411.582 1383.953 1329.223 1340.415 1341.544 1347.501 1375.239 1381.253 1363.917 1315.313 1276.191 1303.877 1336.062 1366.487 1386.336 1436.046 1470.473
1129.179 1119.925 1050.365 999.4703 1026.683 1046.379 1021.249 926.1661 968.5962 1054.47 1038.168 1130.745 1218.815 1276.057 1330.335 1327.633 1340.08 1383.88 1436.663 1442.603 1435.823 1450.928 1486.246 1497.098 1516.645 1519.755 1509.28 1527.555 1563.233 1536.375 1513.347 1546.718 1552.99 1552.012 1551.205 1570.907 1567.007 1557.934 1552.048 1566.731 1574.641 1573.874 1566.406 1561.983 1550.436 1529.725 1501.81 1492.236 1470.631 1447.283 1423.293 1390.643 1370.006 1361.73 1330.73 1322.613 1340.505 1353.051 1357.165 1336.774 1278.228 1261.577 1277.718 1307.481 1339.295 1371.722 1420.2
1157.934 1115.839 1132.57 1050.315 987.5548 964.913 966.0325 969.8442 1018.884 970.0964 970.5028 932.2325 1049.437 1035.139 1085.663 1217.802 1274.629 1325.731 1313.131 1361.47 1411.617 1479.662 1457.413 1465.12 1473.505 1500.032 1495.259 1499.388 1513.689 1477.331 1450.172 1470.143 1485.309 1494.52 1505.232 1541.36 1546.694 1547.436 1558.85 1559.891 1557.356 1556.599 1554.266 1551.032 1544.493 1528.403 1512.981 1496.978 1491.1 1470.187 1438.063 1403.417 1384.157 1363.231 1353.236 1341.185 1333.594 1328.977 1329.891 1329.945 1286.787 1284.691 1290.534 1316.655 1324.23 1334.685 1358.638
1100.377 1040.032 1051.016 1122.755 974.1856 1041.507 955.9549 934.4994 932.1292 913.939 908.9209 1020.884 1004.195 960.5313 954.968 998.212 1029.413 1189.212 1278.366 1283.293 1298.528 1306.241 1457.088 1453.475 1457.12 1483.922 1482.627 1465.271 1461.535 1428.48 1372.353 1263.47 1272.94 1348.735 1430.994 1483.514 1507.797 1499.843 1550.214 1532.484 1554.714 1546.86 1548.683 1538.541 1535.104 1526.647 1511.815 1500.976 1491.094 1477.46 1453.721 1427.723 1399.182 1370.553 1354.59 1347.162 1343.089 1332.009 1328.749 1330.81 1327.596 1328.903 1293.241 1293.246 1303.098 1321.307 1338.678
1100.676 1050.985 1016.935 1001.703 1026.839 929.9023 960.6708 939.345 920.116 980.4534 1026.573 979.9147 906.5018 938.9544 1022.097 989.9968 952.3622 986.4443 1091.904 1172.888 1246.196 1248.88 1300.367 1336.267 1401.739 1443.015 1422.636 1446.938 1404.36 1236.016 1140.123 1050.575 1027.413 1186.655 1253.727 1341.355 1385.713 1466.761 1491.196 1491.032 1518.428 1525.898 1514.648 1496.497 1502.479 1494.937 1476.272 1486.645 1463.515 1454.111 1448.822 1432.607 1409.036 1376.914 1343.508 1323.881 1329.662 1331.515 1311.581 1303.986 1269.982 1268.522 1288.206 1261.845 1282.625 1302.555 1338.118
1166.111 1118.05 1134.911 1060.352 1017.474 1054.483 967.6313 963.2943 939.3102 978.8206 966.9897 1055.121 946.438 974.7348 966.7017 942.6182 977.4459 1033.198 981.9401 1042.254 1241.878 1247.943 1247.008 1314.466 1350.98 1358.034 1373.071 1376.022 1257.903 1102.271 1005.579 979.0349 965.5658 995.1736 967.4672 1190.762 1313.558 1374.934 1432.244 1475.028 1470.707 1479.007 1471.604 1468.591 1459.743 1454.487 1468.718 1467.812 1457.356 1452.39 1439.348 1414.115 1400.089 1378.029 1327.069 1305.075 1293.923 1307.44 1309.345 1276.15 1243.708 1210.495 1271.124 1234.598 1265.89 1279.432 1303.08
1143.317 1198.773 1136.793 1081.285 1039.348 1026.982 1008.081 1038.365 1028.97 929.564 915.9743 1050.412 982.299 896.0111 911.3041 905.9885 969.4887 949.1141 984.1862 1045.012 1148.021 1197.441 1269.91 1284.146 1291.341 1328.957 1310.788 1261.877 1149.834 991.7927 907.387 930.2933 876.6813 943.6865 921.9443 1054.826 1060.153 1299.471 1357.992 1418.106 1441.522 1453.446 1450.535 1442.82 1443.582 1430.434 1452.627 1426.766 1420.5 1420.038 1419.038 1401.233 1366.72 1354.323 1324.825 1288.374 1273.869 1228.324 1258.675 1244.205 1224.982 1233.49 1241.33 1238.71 1245.968 1249.405 1266.159
1142.649 1081.728 1114.922 1139.455 1043.401 1047.817 1041.401 1008.403 938.7742 989.9567 1000.297 1005.816 1017.113 912.5044 964.6962 904.8129 936.6151 922.8145 1011.363 1037.03 1015.659 1173.826 1189.558 1225.066 1264.359 1305.505 1303.193 1281.732 1234.836 1156.03 1046.716 1020.48 1010.581 1005.673 909.5676 946.8949 1024.353 1110.723 1283.704 1333.785 1381.612 1393.585 1405.064 1404.671 1410.341 1407.422 1396.864 1351.663 1370.563 1392.514 1391.026 1381.606 1357.933 1318.745 1267.23 1260.687 1245.153 1219.913 1197.699 1203.59 1246.282 1197.744 1234.652 1204.344 1177.09 1221.192 1239.184
1311.727 1235.436 1098.715 1276.487 1275.089 1157.629 1046.339 948.7144 946.7247 904.6089 974.8563 938.4477 970.0738 957.7356 960.0993 957.2652 939.1772 963.8375 918.1352 1043.146 997.4117 958.4041 1055.079 1141.409 1199.231 1275.079 1286.942 1289.098 1280.176 1260.338 1210.975 1175.929 1077.315 1065.115 1041.867 929.3716 971.2905 997.6958 1087.953 1125.106 1206.067 1309.935 1353.319 1364.095 1380.525 1370.802 1360.6 1292.167 1308.721 1335.808 1355.466 1357.665 1323.511 1302.563 1254.443 1221.015 1236.365 1229.833 1171.016 1166.556 1232.127 1225.682 1232.043 1223.539 1241.327 1179.45 1227.491
1174.125 1294.976 1296.758 1288.617 1295.482 1301.036 1262.804 1210.075 1137.96 1119.467 994.4564 988.5526 1001.318 937.0681 927.8406 952.4633 927.9775 953.6182 918.8933 959.4284 956.1164 996.5195 1027.759 967.584 1004.674 1094.749 1146.489 1195.702 1282.172 1280.83 1257.279 1247.126 1227.857 1172.048 1064.199 995.8326 976.947 976.064 949.7445 988.5315 1035.093 1154.828 1256.199 1309.273 1313.508 1236.883 1187.533 1216.276 1268.998 1269.505 1288.453 1322.983 1306.253 1267.423 1249.801 1217.765 1237.795 1231.382 1176.44 1159.963 1155.352 1169.674 1171.049 1190.659 1208.956 1177.45 1203.372
1077.579 1035.035 1137.135 1257.357 1293.349 1298.288 1284.39 1269.23 1202.459 1065.677 1111.074 1105.467 1054.504 976.8108 953.2545 950.4512 948.2854 954.382 906.3949 913.1638 944.6161 952.1747 1019.089 1018.192 1013.591 1070.275 1123.202 1150.838 1215.739 1289.719 1280.657 1273.107 1256.828 1274.019 1213.109 1138.373 1061.735 995.5316 970.0131 961.8128 995.316 975.8237 1071.874 1168.323 1111.337 1027.008 1003.386 1050.281 1087.571 1160.79 1202.366 1257.553 1272.136 1247.032 1249.46 1239.529 1247.046 1228.722 1240.418 1200.372 1185.09 1191.315 1167.831 1140.699 1188.5 1143.615 1141.099
