inst/extdata/envar/asc/bio4.asc
ncols         480
nrows         353
xllcorner     -1644588.35
yllcorner     1550510.45
cellsize      10000
NODATA_value  -9999
[rows 319 to 347 of 353, columns 134 to 200 of 480]
269.6827 272.0433 270.4852 268.8239 280.2377 282.358 267.872 274.6103 298.1281 306.1259 336.5036 333.6455 335.3896 336.1439 334.7507 338.5198 337.687 328.4822 331.256 322.0771 331.67 298.8066 330.6833 311.6271 323.5844 311.3216 325.0714 338.1914 334.8074 345.4846 333.8909 340.7165 328.4469 376.1728 395.2943 397.2698 403.8594 407.8196 408.7284 409.4698 410.2234 412.848 -9999 -9999 -9999 -9999 -9999 -9999 -9999 -9999 -9999 -9999 -9999 -9999 -9999 -9999 -9999 -9999 -9999 -9999 -9999 -9999 -9999 -9999 -9999 -9999 -9999
271.1786 273.4677 270.639 268.8539 275.1816 283.5213 291.9356 296.6465 300.7139 300.0008 330.7421 334.8523 335.6311 339.0575 338.9623 334.6065 332.8923 316.6459 322.3806 319.0322 326.2634 323.2508 304.3145 305.3807 321.8899 324.1108 328.4208 318.3754 306.6494 340.3305 337.736 330.4181 328.7724 308.0513 373.9992 361.4835 386.4738 398.0398 398.5652 394.2206 400.208 399.6594 405.7564 -9999 -9999 -9999 -9999 -9999 -9999 -9999 -9999 -9999 -9999 -9999 -9999 -9999 -9999 -9999 -9999 -9999 -9999 -9999 -9999 -9999 -9999 -9999 -9999
264.1943 265.728 266.677 267.0242 268.6285 272.3872 281.8241 290.5409 302.4165 314.1696 321.2961 327.4329 331.7493 335.6776 336.3212 330.2706 325.1959 322.3813 322.1092 308.1755 318.2401 319.8366 307.4778 305.9531 303.401 312.9344 307.7346 322.444 314.773 321.6995 331.3788 333.933 327.7886 325.6948 294.0879 326.0331 373.0094 386.6983 394.1393 390.6795 397.1248 394.3868 395.5339 394.2317 386.4194 -9999 -9999 -9999 -9999 -9999 -9999 -9999 -9999 -9999 -9999 -9999 -9999 -9999 -9999 -9999 -9999 -9999 -9999 -9999 -9999 -9999 -9999
259.635 258.2022 263.6726 263.5084 262.2825 261.3689 272.582 286.8758 299.9435 306.9064 313.362 316.5948 328.2272 334.0049 329.674 325.789 316.6487 318.5403 313.1619 308.4931 305.6441 307.3397 310.1236 302.4302 296.1842 301.8724 295.3127 298.3441 286.0014 310.894 314.7827 323.777 308.1856 301.2693 296.9661 323.1704 324.3075 371.2252 378.9792 380.6514 380.0868 385.0751 383.7389 383.9495 392.3411 388.1933 -9999 -9999 -9999 -9999 -9999 -9999 -9999 -9999 -9999 -9999 -9999 -9999 -9999 -9999 -9999 -9999 -9999 -9999 -9999 -9999 -9999
253.9721 253.0167 256.2963 257.4348 255.8042 266.3378 267.5476 280.7823 284.7051 297.0661 304.0851 309.1283 318.2231 319.167 319.1917 321.1836 312.0793 307.1414 306.6598 298.3231 294.7811 301.0807 304.3969 299.647 280.6194 293.1582 270.802 292.9646 303.8587 303.8431 304.6267 306.3477 309.242 308.3513 307.2963 316.958 319.8577 339.969 357.2968 370.2473 376.6514 372.0699 372.4343 381.2247 373.206 371.2348 377.3423 -9999 -9999 -9999 -9999 -9999 -9999 -9999 -9999 -9999 -9999 -9999 -9999 -9999 -9999 -9999 -9999 -9999 -9999 -9999 -9999
253.0447 255.521 255.7086 254.469 251.0925 253.6512 262.7132 270.4273 275.9578 284.6489 295.0538 296.9605 305.296 306.8931 308.5966 303.0852 308.5618 307.1563 301.4429 297.626 293.9614 290.0912 291.826 296.4062 289.9637 267.3839 285.9136 283.4963 289.8391 295.3013 295.5446 301.6627 299.0326 306.8205 320.8113 320.7036 310.2187 323.0399 338.6083 362.7368 360.8321 374.2541 371.5938 372.7989 371.3207 376.1194 -9999 -9999 -9999 -9999 -9999 -9999 -9999 -9999 -9999 -9999 -9999 -9999 -9999 -9999 -9999 -9999 -9999 -9999 -9999 -9999 -9999
250.7247 252.6947 256.0176 255.0782 255.7511 255.7847 261.3145 264.8342 271.9975 281.6797 284.9966 287.0019 298.1763 293.8049 293.7794 292.0563 289.8988 293.3647 291.4007 291.8359 287.9461 287.595 282.6198 281.0571 285.2047 277.8907 270.0827 271.3082 278.0879 296.7878 289.5101 290.5477 293.0226 300.5655 295.5735 306.6525 274.623 284.5995 312.1892 325.1945 349.0053 357.8144 359.1247 364.1005 372.3311 370.7472 -9999 -9999 -9999 -9999 -9999 -9999 -9999 -9999 -9999 -9999 -9999 -9999 -9999 -9999 -9999 -9999 -9999 -9999 -9999 -9999 -9999
246.2352 252.3473 254.0018 253.6887 251.9414 256.72 259.3356 262.4341 267.0525 275.2737 277.1495 282.1269 285.7688 286.9856 280.7827 282.5489 282.9766 283.765 279.8399 282.6719 284.7905 278.6735 275.2027 274.8992 274.6915 276.6603 259.2175 264.8189 265.6283 271.1677 283.7352 283.3126 286.785 294.1682 300.7175 300.0804 293.9078 295.4789 293.1742 304.2371 333.3285 343.6519 335.5331 356.6451 361.8253 360.0635 363.8864 -9999 -9999 -9999 -9999 -9999 -9999 -9999 -9999 -9999 -9999 -9999 -9999 -9999 -9999 -9999 -9999 -9999 -9999 -9999 -9999
248.688 248.7968 252.5514 249.7867 252.504 255.0402 255.3358 257.5832 266.1424 270.805 269.0144 275.1929 279.8607 279.118 275.0561 281.7341 277.2145 278.9933 274.2926 276.4892 275.8556 274.1706 272.9171 269.7163 267.7809 267.9865 259.6802 256.5291 251.8268 268.5775 272.192 267.3629 284.0594 292.4321 291.7306 296.5892 289.4712 291.3241 319.8145 308.2958 305.0574 314.9511 327.0987 332.4134 356.715 357.7672 358.4574 -9999 -9999 -9999 -9999 -9999 -9999 -9999 -9999 -9999 -9999 -9999 -9999 -9999 -9999 -9999 -9999 -9999 -9999 -9999 -9999
248.4597 247.458 243.4654 246.8142 249.709 251.2521 254.4463 256.7625 262.2155 264.7972 263.4893 269.4784 270.2952 274.1844 267.1133 266.0544 267.5034 267.6659 268.8701 264.8162 267.6457 260.3627 258.7106 259.2729 260.1174 257.8734 252.3359 247.0909 242.0403 250.2715 254.6389 269.1318 261.9662 280.7504 285.1313 294.3921 294.6944 296.7559 299.1517 303.5475 292.0208 303.3606 301.8197 322.1168 335.2161 306.5046 350.0042 359.7966 -9999 -9999 -9999 -9999 -9999 -9999 -9999 -9999 -9999 -9999 -9999 -9999 -9999 -9999 -9999 -9999 -9999 -9999 -9999
245.1918 243.1593 247.0037 244.5289 245.5288 250.4952 248.2589 251.9538 257.6321 261.0172 258.9005 263.0666 264.3917 265.7213 267.3869 268.6956 267.8332 271.5078 266.6027 262.9892 263.961 258.1675 254.8179 251.5881 250.6302 248.8409 245.9146 242.4118 242.0395 245.4181 253.5217 257.73 265.1205 264.3246 262.4171 277.375 281.7634 290.2025 293.9297 291.7822 283.6068 284.5895 297.5477 312.3157 311.1565 325.0716 340.0878 350.2798 354.7343 -9999 -9999 -9999 -9999 -9999 -9999 -9999 -9999 -9999 -9999 -9999 -9999 -9999 -9999 -9999 -9999 -9999 -9999
244.6361 242.0574 240.8941 242.7658 244.7501 248.5931 251.1362 250.617 253.4807 253.7265 255.9864 258.5918 253.328 263.6843 265.8976 264.7724 257.3689 266.0244 264.5507 258.6999 250.7105 248.6523 245.4266 245.7454 242.2132 247.7088 247.1389 244.0042 243.354 247.642 256.6097 262.4015 265.5815 265.112 264.4346 267.0707 276.8169 278.8813 283.7216 292.7122 282.6732 288.0433 292.861 305.96 286.5724 328.5574 327.6009 342.7239 348.2856 352.0191 -9999 -9999 -9999 -9999 -9999 -9999 -9999 -9999 -9999 -9999 -9999 -9999 -9999 -9999 -9999 -9999 -9999
242.6785 244.7682 242.6467 246.4105 242.2807 249.2353 244.7183 250.3474 248.639 251.0922 253.1443 248.0266 243.1726 247.9556 254.5656 260.141 249.4681 255.0363 258.6071 259.1433 252.9153 250.1015 243.4398 244.0268 244.4976 242.1089 245.9143 247.3498 237.3938 240.3582 251.4122 260.5574 264.2065 265.3829 263.4503 269.2374 274.8562 275.5786 275.6721 282.0531 288.6824 288.855 288.5047 285.4485 288.268 316.6397 326.5127 321.6819 341.5965 341.3501 348.2383 -9999 -9999 -9999 -9999 -9999 -9999 -9999 -9999 -9999 -9999 -9999 -9999 -9999 -9999 -9999 -9999
242.9919 242.3448 241.0067 243.5674 245.5234 249.9856 242.5248 244.206 247.522 242.3487 242.5733 239.3914 234.681 243.7866 242.0572 251.6496 255.9342 253.6908 250.2223 251.7812 252.3147 246.6849 248.9541 243.0892 244.4245 245.5089 244.3922 243.7789 239.1211 251.7273 252.6956 255.8613 253.4836 264.4726 265.7805 268.0334 269.9849 272.2716 278.0045 277.2436 276.8882 271.3645 279.5006 279.7731 289.3702 296.275 313.7206 319.1432 331.8095 345.3078 353.9491 353.6096 354.4877 -9999 -9999 -9999 -9999 -9999 -9999 -9999 -9999 -9999 -9999 -9999 -9999 -9999 -9999
244.3548 241.3171 237.2382 241.1447 240.4504 246.4746 238.8152 239.2524 238.9653 236.6226 236.1008 237.6568 236.5251 236.5612 243.8213 243.7127 255.7695 251.6703 251.614 247.5586 252.4252 253.1315 250.3602 248.9238 241.9274 242.5992 245.1788 241.0807 245.0027 247.9855 252.2216 253.1087 258.4651 259.4175 256.8522 254.7263 259.7711 268.7276 267.9803 265.9286 269.3686 276.3515 281.7295 274.3266 264.7908 281.4809 303.2377 308.9077 320.1409 333.123 345.8849 351.5103 347.6942 344.1599 -9999 -9999 -9999 -9999 -9999 -9999 -9999 -9999 -9999 -9999 -9999 -9999 -9999
243.6342 241.7133 242.2812 239.6836 238.5896 241.0512 239.0996 237.716 239.2937 240.3521 240.1852 239.1097 232.2417 232.9806 235.9782 237.6242 231.8704 252.6838 249.5526 248.1785 252.9563 247.221 248.7975 249.3524 248.907 249.2502 247.9693 245.0021 246.6396 249.6712 250.0622 247.5626 253.2774 254.9982 256.6262 257.3918 258.5579 252.2586 269.1691 267.5928 264.5569 268.8324 273.4158 274.1924 265.9944 271.5341 280.0745 273.3621 279.7496 293.6811 324.6647 342.0175 345.9265 351.2288 -9999 -9999 -9999 -9999 -9999 -9999 -9999 -9999 -9999 -9999 -9999 -9999 -9999
243.2155 232.5365 232.907 232.2212 240.4381 242.8397 237.8127 232.2702 235.3925 233.0636 236.0908 238.4522 231.1862 232.014 234.4277 236.5862 230.4356 235.5244 251.7087 234.5563 238.4294 245.6513 247.5737 241.1744 245.571 245.2605 247.4244 245.2247 254.4527 250.7017 249.9958 244.726 248.088 248.1293 247.3595 253.0725 255.4923 253.6218 248.4362 247.8137 264.412 268.414 270.0594 264.6058 269.5379 267.6799 267.7125 275.0847 284.436 306.5202 313.9304 334.8408 342.2924 344.6025 345.6976 -9999 -9999 -9999 -9999 -9999 -9999 -9999 -9999 -9999 -9999 -9999 -9999
244.7569 241.6922 239.3098 229.3414 239.8699 245.571 240.1938 238.8695 234.2422 233.0315 231.788 231.7073 230.481 228.9363 230.5045 234.8553 233.7638 230.0607 230.9941 236.1269 236.2288 244.4752 244.0268 248.9478 249.4413 246.6113 245.0914 243.8567 249.9312 243.4724 239.7019 242.7328 243.5716 241.5342 246.1004 245.8834 244.7832 250.129 247.2553 248.0971 255.3717 247.8875 265.118 264.7333 270.9338 271.8443 268.3203 264.6984 271.9102 273.2952 312.3696 322.8447 339.241 346.9926 348.8113 346.2271 354.4154 -9999 -9999 -9999 -9999 -9999 -9999 -9999 -9999 -9999 -9999
245.0958 246.9183 244.1588 231.568 242.3457 242.3249 237.6916 238.684 237.9528 239.4555 233.6421 233.2102 226.1976 227.2553 230.2115 229.8933 231.7036 230.5558 231.4594 233.1407 233.6575 240.2549 240.0134 238.0549 237.8783 243.9999 246.0849 243.0958 250.361 246.4362 232.6091 237.0681 237.9935 238.8792 238.1128 239.7717 240.5844 242.7011 243.1599 244.2573 248.1504 247.1466 255.0906 258.1468 267.5976 266.7126 267.9196 265.9939 267.3742 278.1315 304.2277 310.0695 318.4987 332.5232 344.7077 346.0467 347.0684 -9999 -9999 -9999 -9999 -9999 -9999 -9999 -9999 -9999 -9999
241.4831 245.0647 237.3538 235.5958 241.9322 241.0726 235.6772 228.5679 234.477 239.2216 237.4347 232.6571 228.415 228.7955 225.8741 223.1826 228.4539 230.0591 230.2826 229.7479 230.6315 233.9883 240.7063 238.7989 244.8174 242.7804 241.2385 240.0638 246.5188 246.8098 238.782 235.5399 234.62 238.2963 233.5058 236.6256 235.7494 236.6595 239.2472 233.9561 237.9696 241.1426 242.1402 239.0463 254.8258 254.209 256.6255 266.1066 259.5684 263.9857 264.6708 287.7592 305.1435 307.6832 326.7951 336.6909 341.3193 339.0998 334.8874 343.643 -9999 -9999 -9999 -9999 -9999 -9999 -9999
242.1168 244.9864 244.3048 241.5972 241.141 239.7638 236.8778 232.4521 238.2849 236.5812 235.3345 232.7006 230.5758 225.0285 222.7789 223.5946 219.8682 221.5853 227.0659 229.0819 230.132 233.9691 238.9599 239.2402 241.9362 237.8137 241.3443 237.5839 242.7776 245.0795 240.9956 232.7573 231.0864 233.5812 229.2994 232.5867 232.2263 233.523 234.1372 232.8051 234.0625 229.6436 233.978 237.6669 249.1741 254.761 252.9219 252.2698 260.9951 263.6397 271.9188 264.8853 282.8186 265.7041 277.9785 311.851 310.9543 333.3529 332.9883 332.0812 339.8029 -9999 -9999 -9999 -9999 -9999 -9999
237.1734 236.2513 229.2944 238.345 237.3003 237.4129 239.0268 235.8951 227.993 234.9246 236.5911 235.1659 229.4475 220.8146 221.8067 224.3489 223.0693 222.105 224.2149 228.2054 227.2223 228.8468 231.6292 237.731 236.7814 235.1231 236.2413 235.6905 233.9752 233.3771 235.3779 232.5873 230.6556 229.9511 224.4657 227.9515 226.5496 226.4035 225.5548 227.6306 224.1409 229.7969 227.0008 231.1438 232.587 237.2046 249.6066 253.3183 230.9675 241.3376 253.9044 246.7968 282.6968 258.9191 235.8456 291.9585 316.3186 321.9887 332.6068 336.9848 336.2958 -9999 -9999 -9999 -9999 -9999 -9999
238.1534 233.3888 237.2267 236.564 236.8507 233.5339 234.0029 237.5618 237.252 225.8747 234.1324 233.5959 229.8603 217.7317 213.6288 220.2242 224.4972 219.1359 226.1271 229.6796 225.6868 225.8429 227.8714 232.0958 231.6492 229.3393 229.4652 234.3573 231.1846 231.1477 230.1985 227.3842 225.1688 228.0935 224.1611 227.621 223.574 223.0493 219.6031 215.3639 213.4695 219.7603 223.9409 227.9414 222.8545 216.8677 229.5422 244.7635 227.5811 239.418 216.0327 250.682 237.8071 245.675 261.9056 269.4308 304.7178 307.2413 306.4007 325.0341 325.5734 316.9576 326.99 321.6779 -9999 -9999 -9999
227.7661 231.2764 235.008 230.3963 233.1241 234.7486 232.5515 235.3648 237.898 232.2695 232.0218 229.9369 223.1965 218.7118 220.3688 220.366 219.4841 221.0524 225.094 226.4185 224.9509 222.5315 225.7421 229.4736 230.7513 226.0671 225.5821 230.3349 230.0343 231.1284 223.7649 219.9098 216.5864 220.0948 222.5111 217.7015 218.2851 216.3503 215.297 215.057 216.7844 216.3189 216.6684 218.8841 218.9732 210.581 204.2672 212.8755 231.3918 220.9552 220.1525 222.0104 223.0434 246.3199 252.8485 256.6073 267.2622 292.7161 305.1165 302.0352 315.6969 292.2151 293.3531 319.6942 307.7491 -9999 -9999
224.4704 227.9 232.4109 231.831 231.5662 229.7163 228.2964 232.8611 234.9217 229.2607 229.7901 231.4034 224.2834 222.7976 222.2743 224.4639 222.4921 220.9978 225.1068 223.9716 225.0798 223.2559 223.6074 227.0098 226.2209 224.4318 221.9914 222.7133 225.4536 228.9936 226.133 218.2145 216.4897 215.4199 215.5707 214.8824 217.384 219.083 217.934 217.8502 217.2036 214.1511 207.7202 199.2681 199.2411 209.1802 205.6501 212.9693 220.565 210.8664 208.0872 208.6751 210.2836 226.0166 226.2462 232.1207 258.8401 247.8529 263.7567 266.8311 302.2112 269.5467 301.5255 280.6111 324.6569 310.8656 -9999
222.5038 226.2124 226.6735 229.4583 228.5115 224.5793 223.5199 226.9128 230.4899 229.0647 230.8038 228.894 227.389 222.2783 223.1348 225.64 228.1789 224.0203 219.1419 220.0069 223.9342 224.9997 223.0104 223.4391 222.8162 223.0834 218.474 218.9579 223.9917 223.0182 220.9478 216.0394 215.5681 214.2279 209.4431 205.0757 206.2946 208.7588 197.2715 196.4136 191.3414 198.0745 195.3646 185.1828 189.9818 201.6059 202.2706 203.4732 211.5575 209.1502 204.1603 192.9383 222.0318 223.4115 222.0147 223.8189 230.8043 226.5635 245.2326 241.899 264.9191 290.3936 294.0224 276.0769 320.2899 318.0093 312.6543
219.5434 223.9019 226.146 226.5771 222.3508 220.2699 221.7804 223.9411 225.1434 225.1357 225.3327 226.304 224.1849 222.3118 224.678 224.2116 225.767 224.9165 217.1418 223.7291 218.6863 219.7394 217.7114 220.2052 221.2211 221.6669 218.392 219.8696 220.6686 218.6777 215.5439 212.4228 208.032 203.2473 203.2083 203.5683 202.4716 203.0558 203.1493 198.7256 187.1658 193.4337 193.5328 189.5989 184.7062 188.423 195.8344 196.7161 202.2047 194.5799 188.0353 213.3085 208.4908 197.4884 203.6195 224.5783 206.1116 235.9447 256.3546 253.5157 261.6952 298.5996 297.8591 298.5413 306.9304 309.9811 310.2975
216.7754 219.9417 222.5354 224.0741 221.5451 223.3134 224.6747 226.6082 224.7819 226.4591 228.4768 226.1628 223.2722 224.9152 222.1733 220.554 223.881 221.4588 224.1524 219.4058 219.1673 219.5067 214.4469 219.09 217.3948 217.022 214.7472 214.1053 212.1781 210.69 209.5292 207.5505 208.5188 204.8991 202.0995 207.6633 201.0747 202.0332 196.6126 195.6788 182.961 187.2296 178.2861 168.8387 170.9163 173.9043 175.4239 176.0907 188.782 192.3054 183.5759 190.2075 199.4955 205.9031 211.7693 208.8571 223.8808 239.7639 250.5053 257.3512 276.6891 270.0173 296.8195 297.8481 308.3522 310.2334 312.9026
214.6963 218.4916 219.856 222.1046 223.8002 223.071 223.6709 224.8117 224.5154 225.6358 223.6417 223.5669 224.0224 223.1232 223.5681 221.803 221.3391 221.4329 221.2298 219.4368 218.2855 218.1409 210.1031 217.6106 214.9412 214.3524 207.4133 211.1673 211.4545 208.509 205.1068 203.8239 202.7997 205.1202 206.3109 200.8456 197.6803 194.7521 190.6421 183.5499 178.904 174.9837 174.0234 174.6412 174.2144 168.7345 170.7667 172.3235 172.5044 184.6655 193.4887 189.9422 192.6246 197.0842 195.7171 210.1701 225.9022 232.9783 253.2011 245.4641 252.1671 265.9864 270.1573 292.4178 292.8607 285.8077 304.2045
