inst/extdata/envar/asc/bio4.asc
ncols         480
nrows         353
xllcorner     -1644588.35
yllcorner     1550510.45
cellsize      10000
NODATA_value  -9999
[rows 0 to 28 of 353, columns 201 to 267 of 480]
1471.681 1481.581 1499.394 1507.293 1502.405 1481.545 1502.387 1501.25 1493.02 1476.932 1436.327 1464.61 1472.543 1472.887 1446.115 1444.439 1449.577 1463.299 1455.539 1492.961 1508.201 1497.807 1503.564 1529.185 1522.679 1516.401 1509.311 1531.105 1522.049 1534.161 1536.031 1527.345 1510.481 1475.352 1466.834 1454.702 1458.054 1476.223 1488.072 1502.112 1499.98 1509.686 1507.715 1509.752 1507.038 1509.311 1521.026 1517.943 1510.096 1520.71 1529.047 1557.974 1566.854 1607.218 1586.214 1565.444 1559.687 1587.641 1584.895 1576.211 1582.717 1586.818 1573.027 1566.782 1574.316 1562.673 1551.568
1445.781 1463.67 1475.015 1499.927 1491.815 1470.18 1499.908 1486.53 1472.681 1456.678 1454.68 1486.675 1465.679 1441.048 1449.616 1447.858 1466.502 1468.406 1481.837 1492.847 1510.873 1515.1 1512.095 1530.423 1517.256 1528.108 1538.12 1553.314 1549.844 1534.948 1517.625 1521.216 1520.633 1478.777 1478.49 1464.309 1451.456 1446.347 1462.132 1448.652 1475.103 1493.74 1503.91 1494.477 1483.346 1488.063 1517.146 1511.896 1509.831 1508.001 1532.391 1546.582 1579.553 1580.741 1574.12 1551.511 1558.657 1588.033 1555.974 1567.781 1573.958 1577.059 1568.289 1568.165 1573.955 1559.317 1559.843
1461.862 1466.651 1461.21 1507.174 1518.889 1489.1 1457.454 1463.373 1460.902 1458.519 1454.363 1492.735 1486.046 1462.119 1451.105 1474.422 1495.395 1499.575 1491.202 1481.773 1498.354 1529.66 1546.768 1543.429 1524.184 1533.287 1533.916 1530.91 1524.25 1500.729 1506.711 1493.643 1518.768 1481.108 1459.471 1438.478 1458.856 1453.443 1450.388 1466.302 1478.478 1492.609 1485.272 1482.645 1474.771 1493.224 1496.073 1482.117 1494.037 1481.143 1506.753 1563.279 1584.633 1579.226 1561.972 1554.363 1554.97 1573.837 1572.351 1560.857 1565.339 1579.318 1553.661 1550.333 1555.634 1547.33 1542.307
1469.409 1457.454 1463.011 1506.269 1470.897 1448.604 1458.667 1479.596 1472.474 1476.284 1474.667 1496.488 1474.639 1457.607 1474.038 1494.649 1517.217 1492.047 1488.32 1492.188 1498.308 1525.632 1543.678 1528.785 1539.168 1523.518 1510.44 1483.543 1498.193 1521.435 1489.047 1484.654 1508.79 1492.738 1464.819 1470.711 1458.523 1458.453 1474.975 1486.2 1479.704 1470.31 1468.968 1469.399 1464.228 1483.19 1490.367 1481.834 1478.572 1467.86 1494.245 1544.281 1564.2 1558.704 1564.315 1562.359 1563.835 1571.934 1556.407 1562.855 1574.659 1583.718 1535.062 1542.6 1556.584 1533.806 1506.343
1448.319 1427.76 1448.824 1467.419 1488.811 1462.598 1460.869 1472.968 1483.12 1477.494 1488.315 1476.717 1463.764 1489.445 1512.061 1499.588 1524.473 1487.678 1486.124 1511.041 1529.388 1536.748 1534.578 1519.431 1504.72 1494.438 1516.641 1522.627 1504.465 1495.825 1494.899 1494.007 1494.207 1486.984 1487.454 1465.018 1463.016 1462.184 1471.618 1486.095 1480.901 1456.563 1447.008 1451.29 1466.568 1457.285 1465.886 1470.092 1451.464 1470.008 1506.169 1539.818 1549.218 1557.156 1539.87 1548.302 1560.274 1558.191 1552.257 1564.558 1576.847 1570.132 1531.799 1553.631 1550.356 1533.861 1517.736
1434.959 1435.686 1453.394 1465.345 1484.127 1481.285 1482.559 1513.406 1503.77 1473.958 1448.548 1456.128 1471.975 1502.684 1486.46 1473.119 1485.775 1499.698 1515.509 1521.531 1535.829 1533.082 1527.898 1541.864 1542.13 1541.068 1506.864 1521.249 1515.423 1490.93 1499.614 1512.077 1498.467 1496.165 1498.095 1470.853 1459.357 1473.395 1474.033 1471.167 1471.361 1450.636 1440.224 1440.35 1453.058 1446.133 1450.609 1435.543 1442.591 1479.618 1511.737 1523.517 1528.455 1540.437 1544.483 1534.577 1546.05 1567.816 1553.994 1563.906 1553.776 1539.875 1546.976 1539.561 1549.96 1547.555 1538.05
1456.574 1452.114 1481.297 1484.592 1492.883 1504.08 1505.697 1518.371 1495.419 1474.299 1462.771 1461.987 1488.674 1507.794 1483.103 1485.906 1493.736 1496.409 1505.839 1503.37 1544.463 1548.145 1543.248 1567.218 1541.956 1543.901 1506.993 1513.373 1521.308 1502.487 1509.35 1509.612 1515.354 1500.65 1484.723 1470.183 1476.146 1478.219 1476.827 1461.996 1451.734 1445.172 1444.979 1435.352 1437.033 1443.835 1437.055 1434.427 1436.165 1488.324 1502.428 1492.932 1505.539 1501.067 1534.637 1542.143 1528.366 1562.184 1560.222 1548.578 1550.075 1535.831 1541.687 1522.74 1530.808 1528.941 1528.306
1457.453 1477.484 1476.295 1472.008 1509.61 1512.773 1500.218 1505.347 1503.954 1470.49 1456.816 1472.444 1500.361 1500.308 1499.067 1512.296 1503.241 1511.074 1528.685 1537.192 1551.767 1554.037 1564.736 1556.985 1544.42 1538.565 1529.896 1519.662 1526.159 1505.201 1514.51 1503.844 1511.529 1515.121 1499.628 1481.701 1473.841 1465.362 1458.812 1449.83 1464.281 1443.784 1432.207 1424.327 1431.625 1418.796 1409.893 1440.125 1454.149 1490.561 1499.153 1514.417 1507.306 1521.028 1502.65 1518.07 1547.709 1567.21 1544.332 1523.201 1540.732 1550.935 1539.582 1535.716 1534.661 1537.469 1541.547
1486.12 1493.644 1487.321 1504.113 1518.399 1511.386 1507.46 1514.333 1511.866 1480.785 1485.345 1483.991 1499.918 1483.491 1488.969 1519.026 1517.099 1535.625 1540.285 1538.535 1522.304 1521.622 1531.577 1552.445 1543.214 1538.656 1544.329 1543.638 1541.518 1523.122 1534.18 1514.41 1516.924 1492.778 1487.864 1474.897 1476.709 1463.579 1438.73 1448.261 1446.476 1431.084 1420.738 1421.33 1415.607 1405.6 1408.041 1442.889 1455.274 1464.03 1503.071 1538.78 1512.561 1517.817 1500.505 1533.402 1561.68 1541.015 1516.697 1530.532 1534.917 1545.18 1529.327 1535.888 1528.185 1525.818 1540.97
1504.177 1502.076 1493.741 1506.489 1527.415 1527.417 1523.972 1520.645 1501.097 1481.18 1491.089 1472.145 1495.921 1483.965 1491.542 1521.148 1529.788 1537.802 1524.087 1502.185 1497.019 1504.998 1528.005 1563.187 1549.484 1546.549 1554.656 1546.679 1543.061 1549.002 1527.743 1517.89 1506.725 1502.896 1480.78 1493.87 1486.719 1465.788 1456.373 1439.842 1418.897 1442.13 1423.105 1423.702 1388.63 1396.195 1424.571 1428.49 1436.01 1417.66 1476.968 1512.926 1525.565 1523.73 1513.494 1535.056 1558.701 1542.014 1510.254 1533.569 1531.615 1520.601 1518.896 1533.468 1539.238 1526.185 1542.864
1508.502 1513.478 1511.116 1512.131 1531.007 1544.552 1536.42 1499.637 1478.459 1481.017 1475.939 1466.231 1499.694 1508.578 1512.083 1520.814 1537.38 1537.008 1489.618 1483.062 1479.913 1501.363 1547.198 1574.192 1533.906 1537.572 1530.837 1527.49 1530.395 1541.267 1536.995 1536.21 1522.356 1493.897 1496.635 1502.024 1467.889 1460.872 1452.451 1424.717 1415.656 1437.255 1433.195 1406.062 1396.187 1400.021 1415.62 1422.268 1415.277 1438.43 1485.986 1503.333 1549.136 1529.18 1499.365 1529.277 1530.784 1516.572 1509.774 1512.919 1516.595 1530.407 1542.81 1535.305 1540.454 1538.335 1529.162
1502.538 1513.126 1520.007 1529.312 1533.037 1528.57 1514.88 1492.223 1480.116 1483.153 1474.324 1494.85 1509.58 1491.983 1500.479 1539.969 1546.957 1517.208 1521.047 1483.704 1460.267 1497.084 1544.635 1551.555 1516.147 1507.307 1535.644 1538.714 1539.068 1534.459 1524.665 1532.354 1505.397 1500.994 1515.077 1485.021 1466.783 1459.583 1428.219 1423.266 1425.041 1417.499 1410.527 1394.189 1398.458 1399.763 1406.455 1391.011 1413.492 1463.605 1505.346 1512.918 1510.68 1540.65 1525.041 1521.525 1507.636 1519.41 1497.585 1526.658 1536.382 1545.026 1537.073 1527.091 1524.646 1519.114 1513.328
1497.741 1500.997 1517.119 1525.258 1529.438 1524.163 1504.629 1500.269 1493.757 1490.22 1484.985 1509.421 1503.722 1491.892 1513.726 1540.449 1520.168 1500.51 1484.323 1474.544 1479.981 1513.443 1549.641 1531.26 1503.824 1509.808 1539.558 1545.492 1526.339 1517.729 1518.477 1533.64 1524.636 1496.503 1493.986 1477.031 1470.475 1443.472 1422.659 1425.468 1440.309 1426.025 1392.897 1379.432 1396.906 1401.87 1376.467 1385.871 1418.141 1480.206 1495.608 1465.755 1485.846 1523.335 1527.75 1503.996 1489.01 1507.029 1525.236 1518.296 1544.003 1535.591 1529.682 1518.25 1511.69 1515.521 1519.252
1488.82 1503.041 1511.145 1515.175 1523.207 1512.447 1506.103 1498.22 1498.719 1493.542 1493.834 1502.38 1499.88 1505.629 1522.483 1530.044 1517.641 1502.231 1491.297 1488.35 1517.019 1544.14 1538.036 1509.443 1527.789 1533.089 1543.829 1535.516 1528.279 1526.379 1519.938 1546.857 1528.697 1496.942 1487.154 1483.081 1473.661 1427.63 1432.414 1443.135 1425.703 1412.284 1391.332 1397.925 1393.669 1391.446 1400.842 1410.866 1439.766 1484.179 1492.255 1494.967 1517.414 1530.613 1538.623 1518.699 1496.667 1501.328 1515.847 1520.389 1532.196 1527.614 1512.962 1502.999 1506.303 1508.084 1503.073
1489.714 1500.814 1512.02 1517.174 1518.228 1513.303 1510.087 1500.332 1491.829 1502.315 1499.222 1511.9 1499.61 1525.252 1539.19 1530.961 1519.211 1522.824 1529.39 1539.331 1539.267 1539.708 1514.448 1526.371 1527.624 1527.025 1539.244 1537.112 1544.126 1548.308 1562.122 1549.699 1542.921 1519.69 1498.404 1471.118 1498.264 1473.817 1479.953 1450.356 1422.841 1407.827 1420.116 1419.665 1393.129 1369.249 1396.751 1423.718 1449.249 1456.918 1488.173 1512.263 1518.468 1520.8 1520.843 1493.822 1488.328 1500.988 1510.708 1492.92 1525.075 1527.945 1504.849 1495.615 1475.125 1476.93 1481.544
1486.965 1493.148 1502.573 1513.87 1511.511 1525.177 1527.778 1510.505 1511.878 1510.599 1523.207 1515.081 1524.464 1541.35 1550.036 1544.257 1541.985 1536.456 1529.929 1520.41 1500.445 1493.644 1518.197 1517.779 1523.552 1530.193 1540.538 1547.965 1545.779 1534.294 1534.3 1522.877 1515.994 1522.099 1520.427 1510.962 1516.074 1468.229 1458.194 1457.028 1421.569 1417.079 1414.741 1404.906 1404.529 1393.538 1396.096 1414.587 1450.95 1464.884 1480.092 1502.905 1510.063 1514.012 1506.881 1482.191 1485.547 1484.774 1497.229 1477.09 1500.474 1511.158 1502.373 1491.088 1481.658 1471.461 1457.343
1481.514 1488.278 1500.769 1508.118 1520.013 1527.564 1529.691 1526.658 1535.366 1539.39 1541.453 1545.873 1545.95 1549.171 1542.073 1520.494 1519.994 1496.387 1497.053 1502.747 1481.144 1501.155 1515.902 1524.985 1526.211 1532.693 1538.447 1532.854 1519.452 1516.619 1515.931 1511.401 1503.628 1495.545 1504.837 1493.004 1464.822 1455.705 1454.249 1457.271 1434.454 1437.114 1413.002 1408.318 1412.29 1402.454 1419.077 1440.035 1461.656 1477.383 1489.019 1501.926 1502.759 1506.774 1504.687 1467.536 1494.712 1487.041 1502.249 1482.554 1474.341 1472.058 1496.481 1468.679 1454.694 1466.603 1447.642
1480.032 1489.443 1494.67 1512.471 1528.312 1534.146 1534.333 1538.827 1538.766 1545.02 1538.493 1538.34 1544.978 1536.421 1510.52 1506.166 1515.724 1501.115 1493.753 1503.559 1526.731 1526.412 1527.967 1525.363 1526.87 1509.072 1501.917 1503.186 1509.056 1499.424 1512.604 1516.766 1509.424 1489.026 1458.101 1477.239 1475.525 1447.361 1445.137 1438.934 1441.343 1431.912 1425.34 1424.473 1412.62 1422.405 1436.988 1452.851 1467.312 1479.247 1489.344 1494.476 1492.893 1496.013 1515.947 1518.311 1504.601 1498.648 1496.881 1479.315 1466.262 1440.023 1459.806 1442.096 1450.078 1443.255 1435.383
1479.146 1494.861 1503.795 1510.59 1518.912 1511.346 1516.298 1518.044 1508.489 1522.519 1525.743 1514.593 1513.233 1524.327 1514.116 1520.765 1528.155 1522.919 1508.519 1505.449 1514.682 1515.931 1516.156 1508.536 1497.006 1485.619 1488.763 1490.214 1506.141 1509.525 1514.768 1521.269 1522.487 1492.011 1466.017 1470.514 1463.403 1448.106 1428.694 1437.787 1455.737 1433.433 1430.563 1420.701 1421.162 1454.249 1468.963 1462.289 1467.557 1476.633 1489.963 1493.049 1478.347 1481.899 1497.594 1512.493 1503.599 1482.781 1481.525 1470.214 1464.572 1446.585 1447.47 1435.95 1443.584 1446.089 1446.929
1481.156 1492.221 1503.721 1508.464 1512.471 1486.871 1490.096 1504.756 1514.202 1516.442 1514.344 1501.91 1514.304 1529.598 1545.899 1543.572 1531.382 1525.601 1518.849 1508.585 1503.256 1495.656 1509.339 1500.568 1495.631 1484.176 1483.13 1484.146 1503.393 1504.719 1507.12 1506.948 1507.475 1490.152 1475.641 1480.391 1467.201 1455.122 1446.8 1454.253 1459.755 1439.825 1442.037 1443.269 1455.277 1470.38 1486.728 1481.866 1474.422 1477.783 1483.803 1474.922 1480.778 1473.772 1483.833 1486.984 1493.616 1486.816 1487.63 1469.175 1467.566 1426.226 1418.514 1432.485 1449.581 1444.987 1437.327
1472.334 1471.705 1482.805 1506.911 1514.069 1511.039 1508.698 1502.24 1510.925 1511.865 1513.112 1518.949 1531.291 1523.608 1517.467 1527.03 1519.569 1523.985 1521.614 1516.287 1496.697 1504.683 1509.405 1497.012 1482.004 1485.841 1488.226 1479.485 1488.223 1492.003 1495.953 1511.839 1471.961 1474.95 1474.641 1477.151 1465.615 1458.651 1462.571 1470.576 1465.7 1464.309 1461.457 1465.766 1478.927 1486.454 1482.78 1492.001 1482.36 1476.958 1474.817 1456.214 1473.215 1480.284 1472.609 1469.3 1470.311 1464.691 1455.964 1448.302 1441.578 1421.816 1401.637 1398.935 1439.061 1438.211 1429.91
1472.938 1480.195 1488.459 1493.347 1496.516 1504.876 1495.904 1503.906 1503.552 1489.79 1521.555 1529.189 1518.921 1505.224 1516.431 1523.087 1521.459 1525.467 1508.35 1504.371 1501.153 1512.566 1503.349 1498.383 1494.318 1477.383 1473.185 1478.879 1463.549 1471.604 1497.563 1503.925 1487.32 1470.742 1477.978 1494.167 1486.155 1489.171 1486.551 1489.573 1495.545 1463.468 1485.426 1489.579 1494.117 1495.866 1480.504 1479.664 1477.883 1463.883 1442.147 1441.329 1474.954 1475.781 1459.586 1467.636 1451.118 1447.887 1440.15 1444.803 1451.249 1411.523 1410.099 1409.366 1397.979 1429.171 1414.445
1452.906 1466.981 1468.986 1501.822 1511.828 1491.851 1509.768 1491.205 1489.573 1509.474 1498.662 1506.861 1494.477 1496.016 1518.24 1519.943 1509.901 1515.847 1498.765 1505.125 1503.556 1515.256 1503.477 1503.327 1502.235 1491.336 1479.164 1463.031 1461.258 1457.584 1475.087 1483.865 1493.8 1489.646 1493.86 1502.776 1507.179 1510.525 1511.183 1516.352 1497.41 1504.24 1503.964 1509.891 1499.787 1490.051 1484.873 1459.128 1450.66 1451.351 1456.247 1455.19 1464.549 1459.173 1460.312 1460.821 1456.36 1440.48 1433.078 1421.188 1441.703 1440.724 1407.514 1394.04 1403.313 1420.154 1409.279
1432.303 1461.568 1466.946 1484.896 1514.746 1497.633 1512.961 1501.151 1501.381 1497.266 1494.291 1500.185 1500.136 1508.861 1516.171 1506.016 1509.867 1508.898 1508.649 1514.547 1516.542 1508.247 1509.624 1509.664 1500.145 1496.201 1477.099 1460.552 1479.428 1473.522 1460.33 1477.016 1506.394 1512.141 1517.435 1519.883 1521.849 1530.551 1528.454 1531.484 1531.653 1539.961 1518.497 1499.975 1481.163 1474.756 1458.12 1447.003 1437.474 1451.274 1464.783 1469.443 1455.375 1475.098 1463.771 1460.882 1428.701 1434.661 1417.77 1405.339 1427.092 1418.845 1403.705 1387.351 1388.562 1392.142 1375.406
1438.886 1441.231 1458.471 1491.86 1520.983 1505.857 1496.684 1495.2 1488.877 1498.809 1492.455 1496.349 1486.493 1504.198 1495.692 1490.865 1500.087 1498.733 1498.726 1514.644 1521.079 1503.433 1494.944 1487.338 1487.542 1480.687 1478.894 1481.721 1460.483 1481.351 1473.939 1477.916 1483.924 1478.424 1512.668 1526.174 1532.214 1539.029 1537.5 1537.488 1539.836 1539.995 1533.846 1505.828 1482.063 1466.226 1453.997 1442.944 1437.722 1450.971 1474.022 1461.816 1477.288 1495.667 1478.182 1432.55 1429.314 1440.047 1421.599 1433.467 1412.317 1384.734 1383.108 1374.406 1367.523 1369.019 1353.034
1423.569 1457.552 1488.777 1516.363 1503.63 1516.123 1489.12 1482.447 1492.704 1489.795 1487.864 1494.722 1498.783 1493.413 1474.148 1491.52 1496.803 1499.98 1502.052 1516.099 1509.734 1490.394 1479.132 1460.386 1484.817 1488.21 1484.548 1489.07 1463.435 1468.709 1491.472 1494.704 1468.775 1486.973 1508.159 1524.981 1537.334 1548.161 1543.035 1532.123 1536.401 1531.045 1521.306 1510.579 1491.385 1455.775 1425.588 1430.968 1441.432 1453.397 1465.735 1466.734 1477.506 1476.548 1466.64 1428.431 1436.887 1452.64 1453.061 1441.907 1389.188 1375.01 1369.037 1348.173 1332.501 1330.987 1303.552
1429.768 1443.234 1479.073 1503.249 1531.767 1519.012 1515.535 1493.989 1498.818 1486.799 1497.87 1489.077 1483.321 1491.623 1500.612 1481.109 1477.573 1500.601 1508.492 1506.006 1504.442 1483.46 1474.397 1454.474 1478.326 1471.859 1471.599 1483.796 1478.465 1470.458 1504.103 1514.417 1508.215 1515.047 1522.947 1539.021 1537.784 1541.567 1532.711 1529.469 1525.491 1526.674 1513.164 1496.715 1494.812 1465.596 1451.161 1451.41 1456.658 1461.378 1464.292 1474.84 1467.274 1455.897 1457.76 1448.962 1460.789 1441.406 1427.049 1411.408 1395.171 1389.598 1370.197 1306.958 1284.642 1292.795 1298.489
1457.589 1470.088 1493.238 1520.222 1529.933 1511.73 1500.649 1484.979 1470.982 1492.907 1483.285 1465.105 1484.25 1489.057 1477.526 1473.663 1482.491 1503.714 1500.093 1514.031 1513.233 1494.423 1483.922 1480.824 1489.052 1487.413 1465.256 1475.618 1489.925 1499.074 1512.363 1517.766 1530.982 1536.706 1547.298 1549.921 1531.925 1538.767 1541.626 1518.127 1523.816 1519.838 1491.649 1500.652 1492.845 1471.352 1464.557 1467.207 1451.722 1450.795 1447.649 1451.231 1456.615 1452.395 1465.434 1468.195 1453.278 1429.983 1410.212 1408.248 1416.218 1392.949 1325.286 1301.469 1291.043 1295.665 1300.58
1471.204 1478.617 1500.053 1518.266 1522.719 1509.015 1500.037 1487.983 1494.145 1479.979 1481.14 1486.2 1469.475 1456.484 1466.414 1483.055 1504.095 1506.352 1512.263 1516.791 1516.491 1505.846 1504.368 1490.931 1477.925 1487.604 1485.089 1491.626 1509.034 1513.751 1525.569 1538.925 1545.487 1546.781 1545.315 1541.007 1537.086 1535.475 1533.961 1520.449 1520.221 1511.845 1500.988 1503.039 1492.884 1473.827 1472.337 1490.353 1476.291 1457.872 1442.216 1449.397 1452.529 1451.694 1449.418 1471.458 1429.931 1424.183 1430.938 1429.739 1415.009 1366.77 1348.542 1288.313 1274.017 1286.895 1266.88
