inst/extdata/envar/asc/bio5.asc
ncols         480
nrows         353
xllcorner     -1644588.35
yllcorner     1550510.45
cellsize      10000
NODATA_value  -9999
[rows 60 to 89 of 353, columns 136 to 203 of 480]
35.1 35 35.19566 35.2 34.30792 34.6 34.49935 34.54422 34.23848 34.3113 34.29402 34.19751 34.1 33.6195 33.30623 33.63612 33.39998 33.3 33.3 33.6 33.65101 33.8 33.8442 33.8 33.9 34 34.19932 33.83553 33.87999 33.3 33 32.61372 32.29508 31.59697 31.47492 31.2957 31.07185 31 30.3 29.51711 28.71697 28.30821 27.9905 27.46505 27.78373 27.52149 27.00091 26.39966 26.89483 28.00313 28.17685 27.29798 26.43042 27.27137 28.07948 28.7 28.59456 28.83183 29.1704 28.80562 28.75 28.03738 27.26235 26.8 26.84857 26.82328 26.67434 26.6989
34.9 35 35.1 35.01128 34.86525 34.49883 34.5 34.4 34.1 34.4 34.4 34.43077 34.3173 33.99481 33.6 33.72989 33.7 33.60463 32.23946 33.50375 33.88528 33.8 33.97844 33.9 34.18371 34.54993 34.44706 34.1 33.7 33.5547 33.08516 32.44922 32.44453 32.35836 31.82549 31.3 30.7 30.5 29.88974 29.08721 28.05453 27.54384 26.52616 26.60718 27.12637 27.4 26.18175 27.89589 28.97571 28.88328 27.91102 28.6467 28.55689 29.02589 28.32323 28.54492 29.2 29.4 29.24356 28.78978 28.84626 28.14138 27.5 27.34061 27.19492 26.54003 26.5 26.5
34.8 34.75888 34.6693 34.41228 34.5 34.54987 34.57898 34.5068 34.43332 34.25854 33.6 33.7 33.8 33.34646 33.2652 33.2977 33.59879 33.8 33.55804 33.7 34 33.93995 34.1 34.3 34.4719 34.2 34.08879 33.74644 33.2 33.09308 32.48823 31.8 31.9 32.17119 32.24794 31.39661 30.56692 29.93727 29.52388 28.51103 27.71161 26.5448 25.76195 26.11219 26.95383 27.13916 26.53818 27.80911 29.41345 27.92411 29.17271 30.10935 30.24061 29.00925 27.98139 28.08594 28.1471 29.37119 29.16979 29.24099 28.53055 27.80883 27.40257 27.30469 27.19834 26.74376 26.66099 26.4768
34.60809 34.8 34.78505 34.35998 34.56447 34.41393 34.48485 34.40873 34.2 34.08744 33.35963 33.14109 32.96239 32.6 32.80062 33.1 32.97631 33.00883 33.36302 33.77525 34.28041 34.26261 33.81476 33.8 33.417 33.41115 33.19521 33.06305 32.44965 32.7 32.22398 32.30448 32.5 32.29006 32.35719 31.30447 30.49216 29.29892 29.17709 27.98767 27.35473 26.06721 24.99732 25.74081 25.25907 27.05832 27.13164 30.051 30.37471 30.24963 30.20991 29.87219 29.88961 28.784 29.57191 29.14982 28.91435 29 29.37162 30 29.58681 28.58218 27.35431 27.2801 26.9839 27.41589 27.36008 27.40247
34.5 34.58524 34.52744 34.20654 34.3 34.36706 34.21695 33.98266 33.94104 33.7 33.12788 32.7 32.39849 32.4 32.67306 32.50911 32.51196 32.49459 31.90195 32.85966 32.52212 33.24692 33.34009 33.02263 32.85288 32.65733 32.10588 31.33778 31.76273 31.78765 31.79955 31.75648 32.0518 32.04584 31.92683 30.87509 30.22017 29.80308 29.25833 27.58286 26.47107 25.25427 24.8998 24.77159 26.59377 27.79723 29.75053 29.6528 29.43966 29.2 29.51839 29 28.9 28.8 28.6 28.61331 28.5 28.5 28.70647 28.76418 28.89488 29.31315 28.90912 28.5714 28.5 28.12481 27.64773 26.97622
34.30644 34.3 34.1 34.09862 34.00126 33.85885 33.79953 33.53911 33.34196 33.06708 32.48748 32.06675 31.9347 32.2794 31.99868 31.75025 31.80677 32.3 31.83505 32.02728 32.66169 32.66779 32.57611 32.32248 31.78761 31.85146 31.68331 31.26281 31.09872 30.89864 30.90068 30.88742 31.19002 31.62546 30.99501 30.42959 30.3 29.71272 28.68489 27.44592 26.1764 24.60845 24.63886 24.6679 27.68785 29.97385 29.4 29.3 29.5 29.56768 29.26151 29.17805 29.09432 28.7 28.6 28.94385 28.6 28.5 28.7 29.0916 27.74975 28.9 28.36798 28.70978 27.27294 27.0454 25.8593 26.54962
34.25228 34.1 34.1 33.96682 33.75344 33.60287 33.42804 33.29547 32.98235 32.51299 31.7273 31.4 31.47103 31.46451 31.17334 31.28406 31.51158 31.84375 31.27125 31.4 31.31104 31.53261 31.51225 31.18861 30.46327 30.2 30.15099 30.2 30.10509 30.47606 30.43197 30.61769 31 31.21799 30.58033 29.9421 30.00685 29.58956 28.56279 27.12255 26.19502 25.57905 25.74355 28.81247 29.6705 29.3 29.2 29.4 29.4 29.3 29.4 29.3 29.1 28.9 28.7 28.8 28.7 28.6 28.6 28.6 27.7192 29.84893 29.59542 29.2394 28.35609 27.736 27.60329 28.20509
34.1 33.99663 33.93287 33.77424 33.60146 33.53719 33.28957 32.97576 32.44122 32 31.22114 30.69814 30.76325 30.52738 30.37514 30.56422 31.17936 30.8 31 31.48913 30.7 30.64021 30.14851 29.67756 29.8 29.98196 30 30.2 30 30.18164 30.10289 30.19844 30.55797 30.37669 30.44616 29.7 29.76605 29.2 28.11312 26.17164 27.53729 27.74398 30.5862 30.53131 29.3 29.5 29.41534 29.50547 29.4 29.60141 29.7442 29.50604 29.3 29.1 29.16873 29.00308 28.76833 28.87564 28.7 28.04014 28.78803 30.21389 30.49603 29.96023 29.67479 28.74699 28.66582 28.9
33.94863 33.84232 33.7862 33.7588 33.64703 33.26722 33.02082 32.76132 32.2955 31.63568 30.70169 30.3 30.3 30.4 30.0175 30 29.98418 30.81407 31.26673 31.5 31.21643 30.42005 29.9 29.4 29.50239 29.71829 29.92319 29.92435 30.10796 30.7 31.2 31.29881 31 30.27133 29.78546 29.2 29.7 29 27.89046 26.81316 26.95883 30.13728 31.33952 29.60188 29.4 29.4 29.4 29.5 29.7 29.82043 29.6 29.93661 29.96706 29.6 30.36362 29.44608 29.20512 29.46142 29.4 29.43771 30.04309 29.80116 29.63591 28.51977 27.29243 26.80958 26.70083 27.42625
33.94207 33.83712 33.54227 33.58333 33.60767 33.29913 32.8044 32.56218 31.84991 31.3 30.78135 30.72945 30.5193 30.49978 30.99948 30.5636 30.94268 31.1 31.26181 31.2985 31.10352 31.3 30.83818 30.47164 30.66593 30.96151 30.74293 30.9168 31.25614 31.45693 31.6 31.4 31.14016 30.7 29.82317 29.98863 30.03577 28.8 27.19767 27.96016 30.0759 31.46661 31.21994 30.73406 29.3 29.46918 29.4 29.7 30.48381 29.74274 30.81175 31.39916 31.36023 31.36181 31.3 31.2 31 29.83566 29.5696 29.60006 27.30636 24.47572 24.68954 27.14565 25.13898 26.2949 28.52125 29.68044
33.83837 33.77636 33.69716 33.58174 33.38764 33.05722 32.5546 32.19967 31.50549 31.2497 31.21016 31 30.89234 30.8627 31 31.32691 31.1 31.00376 30.8 30.41876 30.33124 30.56948 31.05795 31.2 31.3 31.32494 31.54521 31.40564 31.78315 31.77963 31.30147 30.45986 30.65698 29.94826 30.18091 29.88745 29.6382 28.24316 27.67115 29.02794 31.8 31.8109 30.7 30.12368 29.51378 29.4 29.4331 29.5 29.92877 31.50226 32 31.87288 31.7 31.5 31.40286 31.3 31.1 30.8 28.9478 29.35845 29.31783 29.35186 29.36549 29.18828 29.24254 29.09551 29.19441 29.51203
33.71673 33.64817 33.67778 33.41228 33.20597 32.98089 32.19704 31.77341 31.84579 31.9 31.8 31.66673 31.44565 31.40295 31.5 31.59011 31.07415 30.8 30.5 30.28351 30.10642 30.1 30.46821 30.60162 30.95607 31.4 31.61479 31.43867 31.60236 31.20747 30.40079 30.21088 29.33121 29.00068 29.6863 28.66935 28.22287 28.13613 29.05684 31.12242 30.82389 30.20689 30.74454 30.51786 31.23875 29.90429 29.5 30.86701 31.9 31.9 31.70346 31.27441 31.21251 31.09067 30.88987 30.94541 30.87556 30.8824 30.59852 29.76558 29.29786 29.08649 29.47281 28.8 28.8 29.1 28.9 29.3
33.4764 33.48723 33.4 33.3 33.11062 32.45408 32.2 32.22674 32.3 32.23536 32.18787 31.87027 31.7 31.78891 31.9 31.59273 30.89289 30.37959 30 30 29.71366 29.91017 30 30.1 30.3594 31 31.2 30.69834 31.00736 30.82534 30.30468 29.73365 28.74587 28.6 28.78653 28.55704 29.50761 29.53782 29.85303 31.67227 31.39488 31.54259 31.14726 30.69234 30.95081 30 29.86007 31.73343 31.8 31.8 31.64516 31.3 30.87025 30.64976 30.57954 30.35864 30.3 30.3107 30.5 30.4335 30.49298 30.4 30.29208 30.07247 29.90673 30.10385 30.4 29.6437
33.08881 32.95898 32.91954 32.79978 32.9244 33.1 32.81693 32.68952 32.39347 32.28179 31.90682 32.0993 32.4 31.81537 31.36661 30.88379 30.09971 29.99216 29.2277 28.89013 28.91058 29.36008 29.7 30.12472 30.37262 31 31.06017 30.79771 30.9 29.98992 29.9 29.5797 29.03917 29.3 29.66757 30.42962 30.75135 31.32779 32.06063 32 32 32.2 32.2 32 31.32466 29.62728 30.36412 31.3 31.83201 31.61825 31.47789 31.1 30.70224 30.4 30.55434 30.2 29.9 29.73353 29.88984 29.4 29.8 29.68532 29.93045 30.10209 30.25608 30.3 30.25411 29.98827
32.7 32.68642 32.6 32.5 32.39177 32.38585 32.36935 32.33015 32.25647 32.19873 31.83695 31.74456 31.31119 31.0094 30.62366 30.50869 30.34109 30.1856 29.27781 28.42321 28.84523 29.47072 29.50282 30.20464 30.6 31.00803 31.11443 30.70591 30.49034 30.37313 29.84125 29.10683 28.9 29.39005 30.42386 30.68768 31.00297 31.33128 32.1 32.04816 32.07737 32.17393 32.10051 32 31.13832 30.06332 31.04126 31.27142 31.2069 31.42395 31.3 30.91199 30.6 30.2 30.19186 29.83031 29.8811 29.72655 29.77517 29.22795 29.25891 29.28742 29.3 29.6 29.6 29.74733 29.99927 30.1
32.57116 32.50138 32.3572 32.25686 32.10274 32.11355 31.8145 31.91207 31.65648 31.48949 31.05959 30.4911 30.9 30.62251 30.4 30.51122 30.07752 29.69463 29.00186 29.51322 30.01032 30 29.8 29.34933 30.39086 30.7 30.82898 30.17601 29.37147 29.3895 28.7392 28.22408 28.54301 30.28704 31.3591 31.66754 31.49277 31.58823 32.2 32 32.1 32 32 32 30.69918 30.87799 30.5 30.63175 30.87529 31.08033 31.0527 30.90654 30.31911 30.32386 30.09246 29.6 29.58701 29.9 29.40409 29.03397 28.76131 28.66476 28.43819 28.56611 28.63223 28.8987 29.04366 29.10254
32.84672 32.39645 32.66303 32.34416 32.58628 32.18568 32.18258 31.55593 31.5202 31.19891 30.74992 30.115 30.53094 30.12074 30.00618 29.79534 29.6 29.3745 30.05915 30.37746 30.63992 29.50597 28.87205 29.18648 29.8 30.49652 30.5 30.70109 30.7 30.59836 30.52464 30.30432 30.54856 31.47126 32.42194 32.2 32.3 32.00129 32.2 32.1 32.00069 31.8 31.8 31.43349 30.98936 29.90801 29.39294 29.8068 30.31797 30.31783 30.7 30.56721 30.43124 30.3 30.2 29.73058 29.9983 29.6 29.3 28.72213 28.2 28.29908 27.63772 27.777 28.12053 28.15057 28.27818 28.49323
32.47109 32.55479 32.60937 32.43014 31.97928 31.8647 31.7435 31.61749 31.08858 31.25563 30.62217 30.1969 29.74104 29.6 29.3312 28.52344 27.39706 28.23115 30.07019 30.73878 30.90261 30.7914 29.62185 29.37352 29.02938 29.03375 29.93679 30.13856 30.19215 29.67656 30.12636 30.46798 30.95598 32.04006 32.9 32.79309 32.8 32.4 32.2 32.03552 31.9 31.7 31.51241 30.36586 30.16967 28.99127 28.76369 29.50517 29.88283 30.05541 30.22786 30.39993 30.03106 30.28098 30 30.02125 29.8 29.93564 29.1075 28.69534 28.25103 28.16884 27.4962 27.39414 27.90871 27.45207 27.91241 27.92588
32.16905 32.18471 32.16309 32.60675 31.78386 32.06865 31.86747 31.32669 30.85893 30.91016 30.13263 29.76017 29.01509 28.14023 27.50612 27.27707 27.5246 29.10519 30.19052 30.85901 32.10811 31.2 30.15652 29.21104 28.93331 29 29.2676 29.00374 29.1 29.53441 30.17733 30.99817 31.8 32.6 33.4 33 32.8 32.6 32.3 32 31.8 31.5 31.49397 30.8 29.64992 28.40115 28.41682 29.14434 29.7 29.9 30.02641 30.2 29.99458 30.00578 29.95067 30.3 30.10315 29.6 29.4 28.85909 28.30518 27.83635 27.78347 27.66579 27.94979 28.07764 28.1 27.50365
32.13034 32.14933 32.1 31.85333 31.92193 32.31407 31.34392 31.6391 30.92678 30.49594 29.80589 28.91113 28.4 27.49693 27.27466 28.72619 29.57655 28.72697 30.27338 30.97437 31.8 31.17736 30.50393 29.8 29.49973 29.4 29.33582 29.38675 29.48625 30.02612 31.05843 31.5 31.79943 32.6 33.19006 33.11999 32.87564 32.5 32.02294 31.99665 31.8 31.59531 31.41579 30.47441 29.26428 28.6288 28.50485 29.0904 29.6 29.61945 29.60296 29.76405 29.72696 29.84381 29.88073 29.8469 29.76472 29.63514 29.14431 28.7 28.40252 27.9 27.7 27.6 28.10938 28.11598 27.61731 27.49739
32.00998 31.70968 31.77589 31.62629 31.33756 31.47177 31.44977 31.59774 30.41035 29.97849 28.91438 28.5 28.5649 30.21841 30.64355 30.65474 30.09036 29.96482 30.56494 30.9 31.40163 31.39187 30.98945 30.30742 30.05844 30.03354 30 29.9 29.9 30.50611 31.4 31.1 31.53265 32.55844 32.62756 33.1 32.9 32.36388 31.9 31.9 31.4 30.89468 31.5 29.56456 27.9257 28.01111 27.99841 29.01563 29.20016 29.09149 29.24119 29.31248 29.4 29.45125 29.34429 29.48496 29.04992 29.31153 28.9469 28.56154 28.4 27.9 27.99618 27.73351 27.91773 27.62651 27.48216 27.31904
31.59464 31.4 31.58732 31.25723 31.78393 31.15584 31.75929 30.75718 30.2 29.3085 28.5852 27.30317 30.64962 31.63552 31.74033 31.389 30.80084 30.5 30.8952 30.96348 31.5 31.47951 31.2509 31.12651 30.81674 30.7 30.61351 30.61175 30.61126 30.64314 31.17187 31.77517 32.50102 33.0077 32.70282 32.9 32.44882 32.0126 31.91948 31.71428 31.30047 30.43783 31.19666 29.9 28.67225 26.53301 27.60457 28.57737 28.869 28.9 28.88192 28.86714 29.37797 29.26865 29.29951 29.02308 29.16754 28.94818 28.52529 28.3755 28.22947 28.04666 27.82875 27.80806 28.16728 27.81131 27.41471 27.74648
31.08397 31.26421 31.26659 31.22992 31.2636 31.19661 31.427 30.68076 29.68602 28.78061 27.9 28.3904 30.9 31.6 31.6 31.5 31.07951 30.74913 31.2 31.4 31.7 31.5 31.49645 31.61566 31.26121 31.2 31.2 31.27414 31.37365 30.9 31.23138 32.01545 32.69771 32.8 32.6 32.5 32.3 32.09681 31.66175 31.39666 31.07868 30.32875 30.9 29.5 28.63387 27.41216 27.89356 28.10453 28.5 28.6 28.6 28.6 29.3166 29.21008 28.89497 28.76128 28.90086 29.07524 28.43361 28.19227 28.3 27.90567 27.6 28.0537 28.20064 28.34802 27.69347 27.44675
30.05294 30.50043 30.4393 30.57148 30.45565 30.25321 30.26029 30.21214 29.17714 29.53624 29.02325 30.87997 31.3 31.5 31.5 31.4 31.32581 31.11499 31.3 31.6 31.62441 31.7 31.6 31.58657 31.5 31.5 31.6 31.8414 31.6957 30.83681 31.83877 32.2 32.5 32.5 32.22828 32.1 31.94626 31.52272 31.0995 30.56205 30.05261 29.4186 29.98523 28.48694 29.57515 26.23963 28.36293 28.35455 28.90943 29 29.2 29.23141 28.90658 28.79805 29 29 29.0826 28.75187 28.49235 28.54767 28.6 28.55614 28.2155 28.21504 28.46974 28.48685 28.2538 27.85756
29.50205 29.64418 29.47758 29.40972 29.08814 28.97528 29.9206 30.55474 30.64877 31.01789 31 31.17901 31.3 31.4 31.33882 31.4 31.4 31.3 31.4 31.5 31.4 31.49597 31.39625 31.28878 31.4 31.3 31.67538 31.80136 30.89176 31.62952 31.89898 31.9 32.19113 31.97064 31.96273 31.66991 31.18704 30.54945 29.84054 29.62395 29.18485 28.43879 29.23858 29.56224 29.53969 28.85643 28.76763 28.66405 29 29.4 29.29332 29.20643 29.5 28.95003 29 29.03229 28.69827 28.78182 28.6 28.5 28.61637 28.61576 28.60056 28.71393 28.67874 28.4 28.2 27.55228
28.76434 28.17887 28.23183 27.64801 27.77883 28.64374 29.39654 30.5 30.88044 30.81867 30.83706 30.7 30.35946 30.39862 30.51737 30.90061 31 30.72107 31.2 30.87886 31.00005 31.20024 31.10241 31.2 31.2537 31.1 31.13734 31.4 31.43037 31.5 31.61631 31.86065 31.80667 31.02315 30.73519 30.90575 30.29923 29.12909 27.87914 28.45599 27.69347 28.00084 28.85436 29.90419 30.02257 29.10764 28.9 29.1 29.3 29.33021 29.16849 29.29939 29.49854 28.6903 28.96787 28.81592 28.87334 28.73081 28.32681 28.66936 28.7 28.8 28.7 28.84512 28.58243 28.8 28.22816 27.79302
28.15356 26.50755 27.01911 26.64481 26.78582 27.49326 28.34561 29.31312 29.634 29.95198 29.61173 29.93167 28.63823 29.61931 29.8 30.72231 31.01205 30.64779 30.8 30.44189 30.7966 31 31.12365 31.06153 31.13212 31.1 31.01783 31.3 31.1089 31.6 31.5 31.75546 31.6 30.80933 30.90032 30.28612 29.30766 27.65349 27.98683 28.40013 27.01681 25.58846 27.97069 29.53386 29.58578 29.30667 29.32882 29.6 29.5765 29.40299 29.5779 29.6 29.21151 28.4 28.95177 28.68616 28.6 28.9 28.66894 28.83196 28.72823 28.8 28.14486 28.8 28.59189 28.4 28.13695 28.3
28.68448 28.15619 27.80724 27.17598 26.78896 26.68246 26.86279 27.93585 28.68524 29.16911 28.9 29.42907 29.75033 29.58587 30.42685 30.8 31.01472 31.028 30.94651 30.73465 30.72404 30.87934 31.3 31.09987 31.1 31.1 31.08537 30.9986 31.1 31.11462 31.31259 31.3 31.00478 30.49976 30.81091 29.88197 28.05536 26.87337 26.0812 27.98933 27.25569 28.10468 28.99905 28.06921 29.46013 29.8 29.8 29.7 29.76566 29.76472 29.6 29.4 28.84324 28.72548 28.8 28.6 28.51846 28.6415 28.7 28.8 28.9 28.7 29 28.8 28.7 28.8 28.6 28.38989
29 28.8 28.59107 28.29815 28.10605 27.77664 27.84849 28.3 28.29057 28.72845 29.15979 29.32652 29.73287 30.19241 30.63735 30.9 30.8 30.96873 31 31.2 31.29706 30.92471 31.06122 30.82797 30.74802 31.14813 31.14328 31 30.9 30.81066 30.96728 30.87107 30.61866 30.27498 30.30632 29.23153 25.56014 24.90601 26.40071 28.36629 28.93864 28.36523 27.9 27.92938 29.07035 29.90017 30.2 29.6622 29.63205 29.8 29.9 29.44818 28.8882 29.1 28.70483 28.68859 28.55051 28.29516 28.5839 28.67363 28.8028 28.93922 28.9 28.9 28.7 28.8 28.55878 28.6
28.50218 28.5 28.78031 29.11949 28.90769 28.7382 28.8 28.7 28.66752 28.8 29.29405 30.18827 30.28688 30.6686 29.99866 29.7 29.50223 29.63897 31 31.1 31 30.8614 30.9 30.8 30.87749 30.81788 31.09175 31.09861 30.8 30.7 30.7 30.5 30.5 30 29.76801 28.16289 22.07076 21.13756 26.85945 29.27204 28.2 27.96511 27.6 27.8 29.97123 29.9739 30 29.8 29.70092 29.7 29.61516 29.44355 29.4089 28.75595 28.6 28.51267 28.63216 28.7 28.77736 28.68423 28.74579 28.9 28.9 28.7 28.9 28.8 28.7 28.6
