inst/extdata/envar/asc/bio5.asc
ncols         480
nrows         353
xllcorner     -1644588.35
yllcorner     1550510.45
cellsize      10000
NODATA_value  -9999
[rows 30 to 59 of 353, columns 204 to 271 of 480]
30.3 30.1 29.99199 29.62416 29.5 29.25032 28.6493 28.05441 28.34882 28.4011 28.57294 29.25778 29.3 29.3 29.06688 28.9 28.8 28.70872 29.06623 28.7397 28.81434 29.10268 29.2 29.17449 29 28.9454 29.1 29 28.6979 28.27398 27.77916 27.67615 27.79575 28.02798 28.3 28.06608 27.8 27.5 27.29786 26.45459 26.6 26.82872 26.93841 27.36742 27.06748 26.74711 27.2958 27.08895 27.22419 26.88159 27.02485 26.1009 26.09268 25.79881 25.5 24.52403 23.98553 24.64173 22.35479 22.41927 22.67295 25.48594 25.1526 26.47983 27.38705 27.6551 27.9 28.17918
29.89759 29.7 29.3 29.40205 29.11156 29.25566 28.59226 28.4427 28.60725 28.66375 28.8 29.2001 29.37894 29.29253 29.18839 29.09684 28.87216 29 29.01203 29.3 29.5 29.5 29.45237 29.33716 29.04517 29.2 29.1 28.81028 28.5 27.95905 27.4593 27.49579 28.08948 28.1 28.09062 28.2 27.90591 27.3684 27.14613 27.06607 26.88574 26.99214 27.10232 27.20537 27.02573 27.02891 27.01463 26.91016 27.20472 27.06025 26.69874 26.73118 26.09695 25.90266 25.31114 25.09456 24.89983 24.91527 23.68762 22.25058 22.50166 22.87506 25.76799 26.86236 27.07738 27.70015 27.83651 28.3
29.3 29.1 29.3 28.91207 29.22493 29.42772 29.3 29.10201 29.0747 28.9031 29.10765 29.6 29.84208 29.58892 29.48969 29.59184 29.4285 29.41532 29.41357 29.7 29.55982 29.6 29.5 29.5 29.45623 29.12371 28.7 28.7 28.6 27.81813 27.6 28.2 28.08689 28.22314 28.35041 28.15224 27.94069 27.7 27.23995 27.33931 27.20881 27.587 27.77532 27.49539 27.17644 26.69642 26.48103 26.36556 26.04626 26.22689 26.10463 26.38418 26.35563 25.9 25.23339 25.25829 24.85624 24.6 24.19571 21.5759 22.70175 24.93036 25.78803 25.92299 26.1399 25.88401 26.29175 27.45985
28.9 28.7 29.1 29.68105 29.87084 30 29.78749 29.59264 29.4 29.40763 29.5018 30 30.08719 29.9 29.8935 29.89478 30.1 29.9 29.8 29.7 29.60488 29.67287 29.28893 28.93149 28.9 28.81118 28.9 28.77996 28.67616 27.98162 27.71975 28.17629 28.31052 28.5 27.91222 28.10067 27.9 27.30777 27.19974 27.59965 27.41685 27.7 27.53088 27.27536 26.8712 26.36844 26.3 26.1 25.7 25.35618 25.59175 25.64569 25.88367 25.7 25.65183 25.73876 24.73415 25.5 23.08466 21.99692 25.01287 24.2294 23.92812 25.53796 25.7818 26.60808 27.80241 28.2221
28.58555 28.88722 28.99209 29.7 29.89259 29.5 29.6 30 29.9 29.62546 29.4 29.59021 29.7 29.9 30 30 30.02865 29.9 29.8 29.61235 29.8 29.33008 29.04946 29 29 28.9 28.70561 28.6 28.20402 28.09398 28 28.13557 28.34635 28.2 27.86538 27.61216 27.8 27.32831 27.48928 27.92448 27.97016 27.5 27.3 27.2 26.90352 26.3 25.8 25.6 25.10984 24.34237 24.91664 25.34069 25.8 25.03343 25.89827 25.9 25.56642 25.55737 23.31973 23.69922 25.47786 24.72276 24.15829 25.63451 27.43382 28.07997 28.14285 28.17251
28.99984 29.10196 29.21077 29.6 29.62706 29.60288 29.55128 29.59868 29.22427 29.3 29.4 29.3237 29.50607 29.8 30 30 30.1 29.89521 29.59753 29.7 29.20228 29.10354 28.88526 28.8 28.7 28.7 28.7 28.55046 28.0595 27.73278 28.3736 28.5 28.40747 28.2 28.01011 28.1 28.08656 28.1 28.07685 27.37128 27.58558 27.63885 27.18747 27.2 26.85307 26.4 26.1095 25.6 25.53522 25.75761 25.87778 25.6 25.59179 23.65379 25.60777 25.5076 25.3 25.31621 24.94823 25.96282 25.47186 25.34204 27.08469 26.91411 27.22926 27.03381 27.71353 27.95615
29.23287 29.37935 29.7 29.5 29.3 29.1 29.2 29.21738 29.2 29.16692 28.9255 28.915 29.3 29.80996 29.85102 29.90111 29.9 29.6 29.3 29.4 29.28446 28.79938 28.8 28.9 28.76871 28.92989 28.8245 28.4 28.30482 28.67075 29 28.7 28.4814 28.2 28.4 28.1 28.27921 28.2507 28.1 27.50334 27.37246 26.98444 26.89523 26.70548 26.7893 26.33308 26.01551 25.91044 25.67452 25.6 25.5 25.3 25.23554 25.31993 25.6 25.54152 24.91751 24.9215 25.86767 24.56399 25.92688 26.2994 25.51594 25.13473 26.39528 26.29893 27.26122 27.29802
29.4342 29.5 29.35519 29.1 29.1 28.76077 28.68159 28.83323 29 28.71912 28.3 28.69131 29.23309 29.75605 30.3 30.00598 29.63132 29.4 29.2167 29.20067 29.1 28.8756 28.7 28.78562 29.4 29.36538 28.88889 28.8 28.76258 28.80014 28.8 28.7 28.52897 28.34231 28.45905 28.31114 28.36924 28 27.8 27.36343 27.5 27.2 26.8 26.6 26.4 26.2 26.1 25.9 25.71534 25.6 25.59987 25.3 25.39216 25.6 25.54899 25.4 25.4 25.5 25.69329 26.0534 26.15518 25.99498 24.42231 24.20551 25.29268 26.05272 26.59213 26.13526
28.89973 28.9 28.9 28.73125 28.58874 28.75422 28.42448 28.49511 28.7251 28.62655 28.40669 28.21662 29.01614 29.8 29.6973 29.34273 29.5 29.3 29.3 29.2 28.93147 28.8 28.7 29.3 29.3 29.28768 29.15309 29.1 29 29.1 28.93349 28.60596 28.59162 28.6 28.2 28.3 28.08026 27.8 27.8 27.54807 27.19366 26.9 26.70287 26.5 26.32168 26.1 26.09269 25.80509 25.6 25.5 25.5 25.5 25.5 25.5 25.4896 25.32189 25.3 25.60716 25.74378 25.66666 25.52048 24.43905 24.29824 25.46211 25.86408 24.4909 24.44722 25.78129
28.69966 28.77913 28.40262 28.43518 28.70634 29 28.71461 28.5 28.5 28.69397 28.17532 28.6703 29.29402 29.68191 29.5 29.3 29.3 29.2 29.3 29.1 28.71033 28.7 28.80628 29.5 29.14285 29.37069 29.1 29.19791 29.00336 29 28.9 28.62412 28.40053 28.5 28.3 28.16171 27.69003 27.90803 27.70288 27.32552 27.22185 26.7075 26.65674 26.60306 26.39812 25.96754 26.06432 25.91746 25.6 25.39892 25.3 25.02904 25.4 25.4 25.10488 25.4 25.37346 25.20407 25.19739 22.75364 22.92818 23.23045 23.44991 25.5653 24.67604 24.37243 25.1204 25.85915
28.3 28.4 28.50907 28.7 28.75981 29.20296 29.18059 29.2 28.43855 28.2 28.27719 28.73456 29.1 29.6 29.41685 29.2 29.3 29.34064 29.3 29.2 28.9918 28.74444 28.8 29.12191 28.9 29.20674 29.3 29 29 28.84817 28.84315 28.7 28.4 28.16846 28.07023 28.18267 27.9 27.8 27.52222 27.3 27 26.8 26.64267 26.5 26.15641 26.1 25.6 25.80774 25.5 25.6 25.4 25.2 25.2 25.2 25.02878 25.30292 25.3 24.4239 24.19284 23.57783 21.51187 22.15167 23.12484 24.22451 23.38339 24.61136 24.21397 25.93707
27.99974 28.3 28.6271 28.87414 29.2 29.7 29.10531 28.49311 28 28.3 28.64648 29.17113 29.42329 29.07936 29.4181 28.8927 29.01847 28.99719 29 29.1 28.76076 28.7 29.1 29.2 29.2 29.3 29.1 29 28.8764 28.88327 28.8 28.39899 28.4 27.9 28.1 28.22054 28 27.5 27.29957 27.19749 26.8 26.6 26.5 26.2 26.1 25.8 25.9 25.7 25.6 25.4 25.3 25.2 25.3 25.1 24.50522 25.1 24.99738 23.98562 23.77209 23.35729 22.85543 22.54874 22.97544 22.49234 22.96158 23.20862 24.07681 25.58771
27.76659 28.22084 28.87641 29.13996 29.42829 29.49168 28.9 28.5 28.4377 28.80256 29.08533 29.4 29.50376 29.07525 28.9 28.7 28.8 28.63088 28.7 29.00581 28.89139 28.7 28.70791 28.78012 29.3 29.4054 29.39188 29 28.6132 28.40985 28.39109 28.6 28.30117 27.89069 28.35475 28.34599 27.79037 27.50188 27.4 27.12975 26.9 26.69079 26.5 26.13506 26.1 25.91902 25.86722 25.7 25.5 25.39709 25.19912 25.17883 25.1 25.1 24.97396 25 24.8 24.37123 24.2 23.40961 21.95553 21.99903 22.20145 22.10462 23.88352 24.70469 26.20994 25.38993
28.49973 28.7982 29.2 29.3 29.54289 29.7 29.05908 28.74192 29.08983 29.4 29.3 29.6 29.4 29.2 28.60026 28.4 28.5 28.5 28.6 28.88811 29 28.8 28.8 28.6 29.3258 29.51598 29.41377 29.06002 28.7 28.689 28.43362 28.5 28.07733 28.29174 28.46532 28.28467 27.7873 27.78172 27.29046 27.01833 26.9 26.8 26.2 26.16059 26.11052 26.1 25.8 25.7 25.4 25.34827 25.1 24.82255 25.1 25.27122 24.94898 24.84118 24.69954 24.28704 23.61084 22.50332 21.4144 22.57214 25.05089 24.06567 24.47266 25.62906 26.29088 27.11066
29 29.25715 29.4 29.30718 29.14983 29.5 29.4 29.4 29.26798 29.53265 29.6 29.33403 29.1 28.9 28.30062 28.29005 28.3 28.4 28.6 28.7 28.9 28.7 28.80293 28.7 28.8 29.45985 29.3 29 28.8 28.50474 28.70377 28.55126 28.35656 28.21863 28.12096 27.98669 27.67156 27.29064 27.13205 27.34151 27.1 27 26.70758 26.45308 26.27879 26.10188 25.9 25.48869 25.88309 25.49856 24.33442 25.04025 25.4 25.53276 24.9 24.89554 24.88358 24.47781 23.53688 22.94101 21.81578 22.9592 23.22134 23.60405 26.80004 26.48795 26.661 26.20068
29.48159 29.25426 29.0046 29.19996 29.28772 29.4 29.4 29.5 29.2 29.30257 29.18366 29.21365 28.9 28.62578 27.86091 28.08736 28 28 28.1 28.59933 28.80129 28.7 28.8 28.7 28.69689 29.19331 29 28.7 28.6 28.5 28.41963 28.34773 28.00086 27.78842 27.95905 27.55136 27.55775 27.5 27.25582 27.1 26.941 26.9 26.77786 26.77853 26.7 26.30033 26 24.98209 25.7 25.49061 25.28683 25.43834 25.34373 25.79803 25 25.16401 24.618 24.1 24.24891 23.60765 22.77931 22.23775 24.12606 25.57074 25.31997 24.62622 25.11831 27.1766
29.2709 29 28.83829 29.22029 29.4 29.2 29.6 29.18543 29.1 28.93796 29.0868 28.644 28.23658 27.94585 27.70233 27.48154 27.57684 27.76811 27.7 28.01787 28.36271 28.36132 28.6 28.7 28.66071 29 28.76015 28.40243 28.46207 28.27122 28.06439 27.70655 27.89395 27.59471 26.87109 27.28284 27.24442 27.0227 27.1 26.78798 26.65857 25.88327 25.98948 26.76188 26.85136 26.7 25.52571 25.23496 25.89977 25.38187 25.6 25.69451 25.5721 25.39951 25.2 25.10657 25.00784 24.70057 25.04832 24.27091 22.73854 23.70733 24.64093 24.91242 24.79869 25.4397 25.69262 26.09418
28.50571 28.4 28.8 29.3 29.31414 29.20137 29 29.4 29 28.7 28.99724 28.51348 27.64042 27.4 27.50064 27.3 27.4 27.47609 27.36529 27.65716 28.16349 28.39811 28.41655 28.5 28.7 28.67466 28.32278 28 28.0997 27.7 27.21008 27.5 27.32894 27.19838 26.61308 27.1 26.88939 26.42773 26.83361 26.87018 26.6 25.66337 26.03158 26.3 26.24192 26.4 25.86662 25.54768 25.7 25.6 25.8 25.27179 24.73389 25.42226 25.51611 25.03264 25 25.22157 25 23.31045 23.56914 24.82955 25.41038 26.37626 25.34319 25.67683 26.59142 26.96964
28.74215 28.51396 28.64257 28.77539 29.06809 29.1 29.00739 28.73096 28.5 28.68049 28.50114 28.28296 27.40434 27.31449 27.6 27.3 27.35947 27.48953 27.4247 27.77157 27.65175 28.05136 28.5 28.37289 28.60449 28.0969 27.34846 27.95081 27.24704 27.00889 27.00664 27.08425 26.5667 26.67142 26.57429 26.49776 26.08142 25.97094 26.20378 26.85621 26.40107 25.77777 25.47264 25.76673 26.05826 26.28292 26.20389 26.00036 25.90117 25.56118 24.87109 24.65226 25.0007 25 25.34869 25.58335 25.32695 25.35921 23.75658 23.32664 24.9954 24.72857 25.71465 27.18477 25.79162 25.01365 24.7669 26.42241
28.95534 29.2 28.7 28.88252 29.1 29.1 28.8 28.8 28.6 28.08272 28.09442 27.41794 27.2 27.0817 27.4 27.10887 27.2 27.3 27.38969 27.53077 27.7 28.02784 28.29083 28.2 27.96537 27.27296 27.6 27.03799 26.93176 26.52451 26.5023 26.7 26.02823 26.5 26.29546 25.7277 25.60921 25.50468 26.27151 26.50533 26.5037 26.3 26.27093 25.64498 25.7569 26.1 26.00615 25.83341 25.44992 25.67409 24.81944 24.99795 25.1 25.2 25.0212 25.49038 25.35307 23.75074 23.9251 25.23876 24.95822 26.73657 25.90631 25.49144 27.84377 27.2211 26.46327 26.27075
29.2 29.2 29 29.15369 29.1 28.71478 29 28.9 28.53075 28.4 27.87246 27.41397 26.93411 26.7 27.29955 26.9 26.49557 26.73146 27.03766 27.53641 27.63171 27.42515 27.71652 27.8 27.52372 27.6 26.92795 26.69327 26.80119 26.27508 26.43149 25.82748 25.71693 25.85115 25.73649 25.0537 25.3461 25.73476 25.83624 25.85509 26.17567 25.47941 25.71329 25.28584 25.4009 24.97082 24.93078 25.22982 25.7 25.44988 24.8819 25.09588 24.75073 24.69593 25.30969 25.98873 24.6968 25.06026 24.14022 25.16794 26.18306 25.90561 26.61816 23.89071 26.03054 27.28284 25.63507 25.14692
28.9 28.9 28.8 29.1 28.9 28.8891 28.7 28.5 28.3 28.2 27.54026 27.29286 26.63067 26.51571 26.77538 26.50565 26.3 26.05256 26.64568 27.1027 26.5494 26.77332 27.53427 27.16686 26.60039 27.05727 27 26.35216 26.04803 25.9615 25.08497 25.21363 25.3 25.38442 25.29086 24.39228 24.99351 24.98577 24.81213 25.04389 24.93644 25.6 25.5 24.86681 24.49767 24.86526 24.18918 25.07504 25.4 25 24.63592 24.29354 24.45178 25.08114 25.73365 25.37244 24.03345 24.63466 26.21084 24.79772 25.1458 26.5731 26.74585 24.90341 27.43766 27.12687 26.07608 24.7519
28.68225 28.70177 28.8 28.7618 28.60992 28.59851 28.4417 28.3 28.2 27.91997 27.17212 26.9781 26.99343 26.22482 26.21056 25.84257 25.71176 25.59534 26.3529 26.67767 26.66402 27.17089 27.27526 27.49959 26.93751 26.42241 26.3 25.75781 25.22455 25.58818 24.94849 24.41452 24.68309 24.7 24.80166 24.87964 24.60816 24.89541 24.96935 25.00502 25.25142 25.62663 25.48942 25.15285 25.18627 25.1496 24.65496 25.20081 25.27273 25.4 24.61725 24.29721 24.33714 25.29897 25.57086 23.59756 24.91618 25.37331 25.54092 24.4724 25.67253 26.37353 26.62882 26.41065 26.16665 27.31487 27.06961 25.63165
28.4 28.37575 28.60996 28.45387 28.23286 28.34211 28.1 28.02327 27.95413 27.66656 26.96959 26.9 26.5 26.41729 26 26.02035 25.99091 25.56831 26.15674 25.80783 25.9929 26.61331 26.4653 27.18769 26.77564 25.9 25.59532 24.99322 24.77138 25.2 25.1 24.46246 24.66092 24.26338 25.1 24.8921 24.59085 24.86635 25.2 25.13579 25.53669 25.82258 26.3 25.95719 25.76665 25.29812 25.38569 25.4805 25.3 25.2566 24.90753 24.56201 23.74676 24.78155 24.83468 24.65735 25.3167 26.24722 25.68139 26.61251 25.58369 25.80461 27.58883 26.07644 27.58563 26.98422 24.90365 25.93665
27.65851 28 28.04598 27.79902 28.08572 28.3 28.1 27.7 27.5 27.11515 26.83098 26.58139 26.32202 25.98494 26.0991 25.78245 25.93621 25.9 25.63014 24.94803 25.22833 26.12986 25.73224 26.62552 26.36959 26.03155 25.61834 25.04572 24.86727 24.93159 24.60023 24.90619 24.60008 24.57576 24.93427 24.8 24.79389 24.98899 25.09635 25.12183 25.39923 25.46618 26.29107 26.5 26.12565 25.8 25.8 25.43641 25.4 24.91317 24.5 23.18288 22.8594 25.0256 23.28761 25.24784 24.76518 24.67465 24.9285 26.57579 27.40653 25.66099 27.42333 27.27864 28.14726 26.13418 27.42259 27.10066
27.20591 27.4 27.58221 27.60322 28.1 28.16335 27.49488 27.28276 27.22741 27.0651 26.59924 26 26.1 26.5 26.20263 26.36924 26.33716 26.6 25.96808 25.55487 25.81802 26.00126 26.3 26.57413 26.46913 26.3 25.23191 24.41355 24.45519 25.02821 24.81038 24.98289 24.84791 24.9197 24.95281 25.3 25.49296 25.4 25.43725 25.46181 25.3 25.74119 26.34292 26.30342 26.11511 26.1 25.9486 25.6 24.97514 25 24.72345 24.0858 23.10878 25.47576 24.04563 25.65795 26.025 26.4814 25.93706 25.33328 26.7995 26.68101 26.91993 28.5 28.07797 26.89329 27.1277 27.68679
26.5 26.7023 27.24167 27.52167 28.1 28 27.46827 26.9 26.68355 26.8 26.20494 25.60927 26.1896 26.31452 26.35503 26.76486 26.31113 26.10313 25.46972 25.10509 25.48626 26.3 26.3 26.1 26.4 26.1 25.88031 25.35123 24.49333 25 25.41906 25.29604 25.16349 25.30282 25.60824 25.76989 25.9 25.73668 25.60928 25.81179 25.8 26.1 26.2 26.2 25.95644 25.69592 25.50047 25.17369 24.99289 24.38384 23.54908 22.02306 23.98978 25.605 25.61547 27.09558 25.49466 26.46833 26.47656 26.13864 26.95204 27.36072 27.20864 27.93055 27.59104 28.41835 28.15555 28.57669
26.92686 27 26.94308 27.25764 27.64234 27.4 27.06085 26.83653 26.33991 26.52303 26.07917 26.3 26.5 26.6 26.4 26.29243 25.82919 25.10162 24.75533 24.91 25.34663 25.77428 25.8 25.9 25.9 25.27874 25.54087 25.65659 25.58835 25.6 25.59922 25.7 25.6 25.6 25.97229 25.93048 26.17206 25.7367 25.8548 25.79769 25.66402 26.20023 26.2 26.29331 25.69732 25.48625 25.38397 24.92503 25.12621 24.71673 23.4416 21.56689 23.85553 23.75435 25.60411 27.69352 25.06861 25.98689 26.58713 26.50232 28.01886 27.86378 27.09961 27.13071 27.68755 27.65165 28.35206 28.88282
27.1 27.1 27.18133 27.57967 27.8 27.42089 27.3227 27.1 26.68977 26.5 25.81064 25.72626 26.1779 26.34334 26.7 26.3 25.86429 25.06241 24.15319 24.56903 25.40465 25.3 25.09874 25.25069 25.26777 25.15728 25.58695 25.61127 24.95642 25.84296 25.85438 25.8 25.80014 26.13656 26.00228 25.7 25.8 26.06797 26.0285 26.3 26.00344 26.1 26.00312 26.2 25.73875 24.98024 24.49906 24.66949 26.17899 22.78477 22.74108 24.30045 21.80451 23.9605 25.19057 27.87572 27.23638 27.63286 27.30156 27.45217 27.01935 26.39684 26.90395 28.60677 28.48774 27.58537 27.49715 29.13351
27.21887 27.38278 27.44499 27.47293 27.21606 27.18297 26.79844 26.52609 26.57563 26.04943 25.34774 25.25569 26.00973 26.2 26.25932 26.10115 25.37855 24.35073 24.01142 23.41165 24.83003 24.39627 23.91585 23.98223 24.15811 24.75517 25.04333 25.45045 25.33752 25.46793 25.68269 25.39804 25.5 25.8 25.7 25.6 25.61244 26.5 26.3 26.10996 26.19343 26.1 25.99594 25.21471 24.57045 23.08021 22.73795 26.64639 26.18682 24.91497 23.58863 25.85815 24.66863 24.1517 25.64425 27.49796 26.74877 25.99269 28.47653 27.50574 27.95678 27.8241 27.93338 28.56128 27.58133 28.74981 28.38179 29.19979
