inst/extdata/envar/asc/bio5.asc
ncols         480
nrows         353
xllcorner     -1644588.35
yllcorner     1550510.45
cellsize      10000
NODATA_value  -9999
[rows 120 to 149 of 353, columns 68 to 135 of 480]
15.55921 12.15626 15.20217 13.01178 14.01736 19.30499 16.5193 16.48944 14.20745 11.38276 16.09957 12.42743 12.19052 12.33034 13.49504 11.30667 13.60024 11.88643 11.02257 10.43713 13.62899 18.19461 14.93586 13.31085 11.92687 14.27185 17.93873 19.72652 21.72267 23.04642 23.34402 23.5354 21.65461 22.05006 21.45304 19.93087 17.24902 16.98203 17.70175 12.95062 13.17914 10.91625 11.34394 8.702986 10.07082 9.009758 10.76657 12.02553 15.1068 17.16549 17.88277 19.5 21.141 21.4276 21.7 21.9 22 22.19328 22.15623 22.39458 20.53275 20.25041 20.7982 19.35299 19.61477 20.02747 18.74144 20.70918
11.30291 13.0534 14.06361 15.50078 17.98414 19.38498 17.3259 15.71567 12.84229 14.82882 17.0124 16.33894 16.58166 15.97597 15.60356 14.06659 13.0759 14.41228 16.2494 16.6609 17.31712 18.53903 11.7725 10.72069 11.23711 13.39469 13.3892 16.43337 16.7393 19.83179 18.29859 19.53218 19.70327 21.11517 19.69655 14.93997 13.15892 15.15675 14.6187 14.6401 15.72711 13.16451 14.24083 9.937499 11.58072 13.26409 12.75853 10.97845 11.22615 15.17103 17.98528 18.83995 20.20778 20.90634 21 21.35975 21.9 22.36766 21.80818 19.84087 21.30643 22.39526 21.44998 23.76224 23.59157 24.2674 21.69079 21.66242
10.14314 8.204309 6.786777 9.734005 9.392643 10.78829 13.34427 11.65855 13.10757 13.24267 13.80705 16.35583 16.83477 16.66596 17.11083 17.13172 15.09784 11.93334 13.90709 16.94941 17.61039 11.76014 12.60167 13.39136 10.97495 9.809599 10.42158 12.05874 12.76746 14.94869 14.80273 15.01426 16.63455 18.36145 18.71787 19.22977 16.58663 11.6392 12.66697 13.01653 14.92079 10.36831 9.815225 12.77583 12.19049 11.86811 13.53007 9.457964 12.75441 14.01374 16.41957 17.54737 19.51406 20.26156 20.49909 21.02289 22.1767 22.99543 21.82041 23.06502 21.55827 21.35948 21.22088 22.43677 24.14284 23.04879 15.14715 14.86558
9.98102 11.01933 11.51943 11.50341 10.83817 8.469846 9.442471 10.47149 11.64727 11.4954 11.43317 12.0916 13.42514 12.70977 14.82456 15.73072 15.96631 12.40188 9.438693 12.22971 14.86251 13.46665 13.24532 12.47113 14.5956 13.50494 11.58055 9.497548 12.64442 15.96335 12.61689 10.00098 10.05709 12.10139 12.98071 18.29954 17.86886 16.41739 16.28119 12.67122 12.09247 14.14186 12.6054 13.5559 11.75741 10.96436 11.01653 15.28028 12.35189 16.03808 14.69026 16.81984 18.6629 19.02481 19.9123 21.01362 22.3134 22.21735 20.85217 20.91611 22.10936 20.06078 19.70461 20.97637 23.22072 22.72853 17.40467 14.18803
11.99484 11.02745 10.39756 12.28221 11.37786 12.36229 12.72916 12.54361 10.85081 11.8 13.16721 13.31978 13.759 13.73102 13.55768 14.06124 15.48518 15.30123 13.21859 12.32521 11.83529 9.305274 10.36618 14.19853 15.6 15.99357 14.76927 11.4771 9.529339 12.79319 10.61981 8.983135 11.50529 15.18522 15.15146 17.62225 15.29476 17.97182 13.80412 15.11672 13.26925 15.18062 13.5157 13.74803 10.90529 10.83646 9.465227 14.32687 13.7261 16.93555 16.35245 14.927 15.54634 19.12008 19.82421 22.6535 20.17669 19.66064 19.56813 20.01321 20.1571 19.74459 16.56594 17.69452 21.88215 21.02601 20.45084 17.42848
13.8 13.12552 10.65843 13.11055 11.98471 12.88952 11.26601 11.96978 12.3952 12.67491 11.47053 13.03011 12.98459 13.46789 12.9087 14.58092 13.50219 15.17857 15.18396 14.68478 14.08344 13.0599 11.92782 12.18609 14.25945 14.69586 14.55771 15.91591 15.9 15.12496 13.30077 14.24934 12.64986 11.59837 18.10734 15.81072 14.85533 13.98622 13.85977 11.8385 12.4727 13.12307 13.49243 13.19641 11.33052 10.23114 8.920626 12.93555 10.39321 16.31494 13.83669 18.24157 16.81149 19.53196 21.22602 19.91145 21.42366 19.94902 20.1957 20.04774 18.7039 18.06846 17.99344 15.83917 19.14948 17.98247 19.00136 16.16753
13.76768 12.9938 13.64978 13.4509 11.53594 12.22634 13.7 12.74132 12.96525 12.7 12.73123 12.70739 13.61724 13.95119 12.41103 14.66665 11.93799 13.23083 12.7801 13.43183 13.37002 13.53931 12.85717 11.99212 11.69705 11.81928 14.04899 13.37932 14.10509 13.19226 13.81631 16.61497 16.96595 15.46951 13.27951 9.977957 10.511 10.41083 14.03188 11.92503 12.23147 10.74838 12.423 12.54126 10.74778 12.40547 10.30781 12.92082 12.96175 13.77718 18.83643 18.60181 18.83394 18.40731 18.01659 18.40829 20.21688 20.1004 20.35568 20.16859 19.55597 16.97872 14.20381 14.43747 18.29005 15.36935 16.12501 18.30614
14.7 14.44716 14.29289 13.42196 13.06709 14.17396 12.44071 13.15243 12.9276 13.39636 12.35604 12.89433 13.025 13.59124 14.18021 13.58337 12.5204 11.65841 11.93779 13.09456 12.52417 12.60518 10.03625 11.73558 12.10807 11.66939 12.15334 12.89505 13.1586 11.8434 9.065257 11.65248 12.20009 15.47575 14.98889 11.98436 10.702 10.66511 9.928785 11.18609 10.51995 12.72665 13.0487 11.87855 11.09074 11.94069 9.83626 11.10639 13.55262 13.76571 17.17454 20.1029 19.72702 20.45037 14.38646 15.34969 17.4673 18.42156 18.97057 19.73619 19.52189 18.92064 16.05288 14.36366 15.00471 10.04518 12.83957 14.65523
14.31155 14.77753 15 14.95095 14.74641 13.90961 13.50706 11.99964 12.8 13.06122 13.45541 12.57201 11.2913 12.05353 13.33174 13.53623 13.2 12.82876 13.1 13.51752 12.35984 11.52399 11.49862 12.79977 11.47124 11.48885 11.26824 10.97518 11.24026 12.2 11.66994 11.15699 11.227 13.00321 12.0338 12.97901 14.41251 13.46776 13.26388 14.18345 13.97714 13.0544 13.36775 13.36778 12.80717 11.68748 14.47628 10.73014 11.81787 10.22249 11.87743 16.28148 19.8656 21.39245 15.79327 13.10219 15.18674 16.7956 16.04625 17.94792 18.9 18.31063 16.82103 16.08549 11.63008 10.34045 10.58694 12.49404
12.2372 13.4046 14.53872 14.47153 15.18562 14.59267 14.25388 12.20297 12.25042 12.79928 13.38669 12.39341 11.71722 11.65312 12.51211 12.77659 12.7 12.22034 13.09015 13.5827 13.87405 13.57081 13.4 10.82625 11.9263 12.1 12.21564 10.75995 11.56837 12.05705 11.67761 12.37587 12.26649 11.43212 10.5913 11.38155 14.04942 13.34051 13.16645 12.56098 13.54913 12.63327 13.54645 13.64693 12.79399 11.81753 12.54976 13.09545 9.827937 15.16132 15.52349 18.56548 19.40131 21.30507 19.82774 17.69275 16.58239 17.60906 18.54747 18.1393 18.21887 17.62771 13.09819 15.25974 13.44629 12.06774 11.4709 16.28747
12.90481 11.21988 11.79771 12.18864 13.06421 15.15728 13.91656 13.12536 10.65956 11.99504 12.34287 13.63542 11.94505 11.95487 11.08763 11.79824 12.2023 11.88626 12.46427 13.05701 13.4 13.4 13.74486 14.01766 12.31672 12.5403 12.0672 11.1783 11.80296 12.81627 12.90946 13.6018 13.66353 13.00642 12.53136 12.18577 12.16664 13.28702 12.77366 14.05228 13.98562 14.15763 13.15213 11.49435 13.6 12.33249 12.52099 15.64075 15.76593 15.90005 17.04396 15.9186 17.339 19.97192 20.18339 20.58251 19.42357 19.18803 19.6 19.10981 17.41659 17.5826 17.38298 16.19433 14.94287 10.21704 15.19472 13.77148
13.21067 14.9 14.49325 11.96441 12.75573 13.28154 15.48123 13.89575 11.30046 11.54198 11.95475 12.18083 13.53344 11.25419 11.47726 11.61585 11.43413 11.75955 11.40738 12.18722 12.22759 13.14717 13.5946 13.9218 13.50162 13.46253 13.11292 12.87408 13.3 13.09991 12.5838 12.66361 13.40411 13.83442 13.59105 13.2 11.62964 12.51491 12.31347 11.86797 11.28673 12.46169 12.46431 12.65396 11.28234 14.13376 13.72527 12.5265 13.74082 13.4161 14.9422 15.69646 16.50153 18.73372 17.38879 18.0132 18.31822 18.48782 18.32001 17.77895 16.68713 15.9605 15.6809 14.971 14.68535 12.57548 14.14173 15.47565
12.31546 13.91166 14.95885 14.89314 13.20059 13.2598 15.03677 14.51888 12.81629 9.973814 11.54654 13.26464 12.11888 10.88794 11.97254 10.5512 11.55125 12.25312 12.5517 12.3106 10.90262 12.81895 13.04623 12.76856 13.25112 12.06908 11.82026 11.70305 12.34654 12.80193 12.52522 11.68407 13.4991 13.64655 13.8 12.33753 12.05411 12.41657 12.9 12.03946 10.45494 12.06449 9.362908 11.8365 14.41461 11.08029 11.25427 12.03479 12.16066 12.56466 13.7822 13.77773 13.30231 17.9983 16.91627 15.90547 16.33179 16.6908 16.02819 15.40011 14.93319 14.86178 14.5021 15.04844 15.27021 13.39798 13.73546 14.96368
14.72932 12.37493 13.03186 13.81505 14.34135 15.2 15.24586 12.87028 11.02807 11.63972 10.172 13.30728 13.14621 11.96898 11.61339 11.31849 11.4386 11.43353 11.0734 11.94906 12.50391 12.70988 12.7381 12.22224 12.17686 12.11909 12.34086 12.23307 12.68348 13.40466 11.67163 11.79844 12.54456 13.19201 13.25162 13.46355 12.26363 12.69285 13 12.42144 10.97147 10.68935 9.24729 10.39944 10.66003 13.81171 11.04272 9.704176 10.99998 11.35064 12.56701 14.88062 17.14956 18.26465 16.49424 15.79089 15.32817 15.63222 14.32925 14.5322 13.69085 14.25142 14.3282 15.66193 15.7979 16.09431 15.52323 15.91986
11.60165 12.55647 12.07658 12.07613 12.03572 13.61671 15.4568 11.85479 12.33681 13.80487 10.61815 13.64008 11.91891 12.20995 11.7086 10.93147 10.99966 11.45306 10.32761 11.02338 11.81866 11.69991 11.73749 11.41898 12.24974 12.71436 12.99797 13.5 13.4195 12.94662 12.85771 13.15919 12.92237 13.35486 13.04326 13.09794 13.4 13.4 12.9 12.41698 11.64275 10.13972 9.908795 9.312777 10.25697 12.87867 10.66329 9.456925 9.103008 12.24607 14.67941 11.74438 12.769 14.79562 15.60167 13.79438 12.77688 13.65114 13.93292 14.47217 13.36024 14.97019 15.54352 15.7 15.51183 15.98741 15.5364 15.69567
10.74195 11.62277 13.6485 12.7323 11.75043 11.20788 13.09922 15.20325 12.64709 14.96541 14.86576 14.07514 14.17716 12.56323 12.61535 12.12086 10.93624 10.88656 10.80315 10.44937 11.52173 11.59106 12.0006 11.81326 11.17658 11.74419 11.51364 12.0575 12.9 13.1 12.30326 12.38539 13.38013 12.59287 13.23525 13.34817 13.22412 12.74098 12.61174 12.97718 12.46665 11.21942 10.19612 9.000564 10.78183 10.67412 4.624601 9.553445 13.53126 13.46161 14.18653 16.23779 15.8248 15.72198 18.22586 16.16781 15.95073 13.0415 12.98525 13.37422 13.57593 13.99989 14.7759 15.38819 16.2235 16.18219 16.32613 15.79802
12.39466 11.97841 13.00058 14.2129 11.57777 11.36808 12.09828 13.11238 14.24379 15.49584 12.12521 12.75989 12.54661 13.18159 11.44848 11.23268 10.73148 10.58814 9.967965 10.81536 10.56242 10.04432 10.98559 11.52872 11.37755 12.1005 12.24047 11.88437 12.02613 12.59087 10.9884 12.04519 13.04548 13.3 13.5 12.97581 13.43831 13.14503 12.74786 13.1 12.52632 12.54692 9.922545 10.71448 10.39397 10.339 10.16914 6.680085 13.49788 12.73662 13.13117 12.22964 13.50046 15.72316 14.93391 14.32913 16.94706 14.74372 15.59785 16.64873 15.10811 13.72454 14.60639 16.3 16.4 16.25687 16.38433 15.80824
12.43924 12.18314 11.75116 13.40957 13.2924 10.97542 11.87797 11.7639 10.694 12.23082 15.37897 14.24166 12.24572 12.15335 11.27089 11.37723 10.66005 11.39972 10.9539 10.52915 11.27644 10.9211 11.02044 11.00542 10.90559 11.96789 11.32813 11.70601 11.67346 11.86695 11.72681 11.67168 12.29999 12.77523 13.19858 13.35113 13.58504 13.23046 11.6827 12.85231 13.33893 12.65996 11.17891 11.36955 10.16995 9.060885 9.312258 9.299973 10.66679 10.95142 14.43995 13.5992 12.78951 14.92286 12.56234 11.42264 17.45558 17.9027 16.34433 16.57914 14.53227 15.20966 14.19141 14.79411 16.53793 16.5 16.28971 15.83846
11.39344 11.37295 11.83712 11.66942 13.37949 12.99395 11.42594 11.56262 11.25976 13.34667 14.98188 15.01132 14.29378 11.59683 11.38514 10.02556 11.13601 12.31143 11.36116 10.47408 10.51656 11.01417 11.3162 11.22795 11.13051 11.22307 11.02363 11.12685 11.62747 11.60784 11.60343 11.07247 11.63012 11.57971 11.87565 12.17698 12.00775 13.80419 12.29269 12.66498 13.3 14.04021 12.3528 11.50978 10.82208 9.925091 9.645344 10.45858 10.01224 10.57938 12.67363 12.42373 11.53093 13.7833 11.33908 14.28037 14.90738 16.14539 13.45547 16.01373 15.4283 13.3746 15.03597 16.15243 15.21324 15.60903 15.27565 15.61299
11.43277 10.4957 11.33425 12.3779 12.36171 12.21202 12.2633 10.40769 10.60173 12.40587 14.05227 15.90644 13.80616 12.82337 10.62687 10.3556 12.00754 12.27073 11.13585 12.90663 10.46334 11.13275 10.60499 11.13841 10.69011 11.49501 10.92332 10.40299 10.13319 11.03444 10.45013 10.55561 11.10782 10.24985 11.55784 11.80085 11.53684 13.24057 13.74157 13.31708 13.82228 12.6781 14.25528 12.37752 11.73714 9.739877 9.812081 10.10798 10.09725 11.47652 13.85471 12.06708 13.72399 16.06896 13.39308 14.53029 13.89792 15.23619 14.58462 15.51051 15.33543 15.92494 12.98765 14.8822 13.90489 14.35331 14.67888 14.90533
11.45951 10.7219 11.455 12.46805 11.99319 11.37327 11.31997 12.07594 11.57512 11.25979 10.08394 13.85613 13.95217 14.95455 10.96931 11.75744 11.18993 10.38807 12.21717 13.88708 11.38499 12.3412 11.99952 11.42217 11.37695 11.53436 10.82308 10.7 9.896067 9.667805 11 9.923732 10.28532 10.6041 11.8 12.74104 11.96231 12.13108 12.56032 13.06246 13.50138 12.04016 13.61919 12.10113 11.75935 10.66138 11.53694 9.973011 10.43023 10.1791 10.64815 12.1931 12.50239 14.89805 15.39742 13.77021 12.49872 13.16502 14.33343 14.62158 15.41091 15.38317 15.21346 14.75712 15.62362 14.29379 14.76295 13.54833
9.957542 11.49108 10.40133 10.98153 10.43058 11.13584 10.31491 12.10283 12.21987 9.463166 10.42321 12.99982 13.00845 14.01116 13.03616 11.55612 12.75129 12.369 10.80194 12.76146 12.03235 11.76163 12.76846 10.43252 10.99237 11.50026 11.2 10.08107 9.976781 9.886404 9.525539 9.932572 10.7 10.65904 10.71743 12.05186 11.90281 11.34299 11.87073 12.85906 13.2 13.44577 13.7 12.9 12.22776 11.64736 11.49751 9.905091 10.57219 10.44825 11.46286 10.33104 12.40905 12.648 12.23034 13.54833 13.14187 13.68939 13.7426 13.29081 13.79818 13.71742 15.00319 15.2296 15.40905 14.54762 14.28987 15.19417
10.97232 9.295351 10.69222 10.95473 10.10371 10.23855 11.41853 10.71238 11.52241 9.780646 10.004 12.49995 12.63226 15.38863 11.26562 10.971 11.08408 13.24475 13.76568 10.62096 11.81341 10.30637 11.14593 11.55566 10.28244 11.3 10.80264 10.34348 10.13704 10.53277 9.139602 9.853608 10.95212 11.04733 11.75611 11.79315 12.29118 12 11.96747 11.90966 12.07699 13.23878 13.67353 12.50258 12.46452 11.08249 12.44071 12.53117 10.84341 10.29013 11.84473 12.92953 11.71403 12.16882 12.96221 14.66704 14.58295 12.41734 11.36046 13.1876 14.16205 16.37565 16.4326 16.89408 15.14801 14.55563 14.03982 12.97347
11.14507 10.90139 9.572318 10.81429 10.63831 12.3676 12.59261 11.26047 11.61891 12.43273 15.40219 15.9 12.06631 12.1641 14.48696 10.69079 10.98635 12.87395 13.79037 13.20085 11.76433 10.73905 10.6977 11.75899 11.61823 10.75137 11.244 11.4 10.50501 9.800522 9.504353 10.56236 10.75345 10.5651 11.48361 11.95911 12.3 12.05903 10.95647 11.59656 12.79906 12.77109 13.98106 12.97019 11.35391 12.98108 12.3686 13.0052 13.24364 12.69385 10.94424 11.09167 11.56483 13.28899 14.04152 12.50236 13.38816 12.07421 13.09905 13.76386 11.77288 12.04586 12.43026 13.77473 15.72515 16.69186 15.87558 13.88262
11.83988 11.11705 9.298585 10.05207 9.840251 8.596775 9.595496 11.60851 11.85747 13.65776 10.32296 14.04765 14.88916 12.06662 14.41021 13.85379 10.97568 8.760481 12.16031 12.81939 12.67652 13.17795 10.95891 11.44475 12.10498 11.96449 11.65247 10.35728 10.02092 9.945672 9.884648 10.32533 9.99762 10.37613 10.41604 11.28182 11.31124 11.82705 11.16624 11.93052 12.84448 12.40001 13.94148 12.39085 11.39055 12.11872 13.82007 12.93785 13.2868 14.45213 13.32377 13.01934 11.93016 12.33595 12.41098 11.98228 12.87719 14.69008 13.5432 13.08912 13.9997 13.26086 12.83331 12.60634 13.01462 15.03194 15.9185 16.58772
12.60424 11.9 9.723635 6.851461 9.05792 9.202081 10.06171 10.72629 11.24482 12.61588 11.97685 11.23658 12.09782 13.19213 12.16219 11.1414 14.31126 14.41871 12.39316 9.828251 12.90513 14.77672 12.59194 10.64827 11.47515 12.60751 11.40958 10.6163 12.26674 10.18514 9.606353 9.766581 10.52288 10.35334 11.37712 10.37472 10.39465 11.50285 11.28598 11.71629 12.39586 13.30387 11.8406 14.09055 11.36901 12.21692 13.7915 14.24965 12.66459 13.37795 14.47791 13.02137 12.94096 11.61484 11.19814 10.92046 11.38798 12.66191 12.66582 11.52994 13.23901 12.18906 13.20585 11.63175 13.17044 12.14067 15.03266 15.87664
13.045 12.3405 11.5732 8.652948 7.674 6.81167 8.680862 9.339675 11.98082 13.25616 12.02783 11.83284 11.62198 11.34349 14.40536 12.09254 10.134 11.12198 11.56036 10.19776 15.63227 11.17082 10.32738 11.96162 11.45905 12.70342 11.62959 10.74419 11.84097 12.26458 11.09915 11.35305 11.41865 11.29831 12.65284 12.13086 10.89067 10.71808 11.0923 10.75231 12.41581 12.8758 11.68011 13.52586 12.32403 14.60606 13.36925 13.75011 13.7946 13.62403 13.7251 14.23025 12.80708 11.47226 10.53661 12.36247 13.48248 12.21569 15.35725 13.85441 14.3574 12.28222 11.2575 11.80694 12.88051 15.13 15.00001 15.20304
13.56246 13.29338 11.82834 11.16585 9.876865 11.21935 9.866918 10.26006 10.32845 8.599837 10.88152 9.172788 12.3556 13.84982 11.68857 11.09451 12.15817 12.85171 10.59793 11.03777 14.39539 12.00119 11.77824 10.18844 11.23399 12.48956 10.87107 9.526308 10.33302 11.18705 12.30295 11.6372 12.17944 12.14013 11.22724 12.07347 11.19321 10.37595 10.62632 10.72873 12.65134 13.54952 12.66333 12.1828 14.29936 14.28348 14.29282 14.07029 13.41472 15.02428 14.19983 13.94867 13.43408 15.0219 13.0977 12.52593 13.39006 13.16214 13.41196 14.06385 14.58395 14.67236 12.72369 13.31969 12.58305 16.2432 15.49457 15.84076
12.64693 13.69 12.51297 12.60468 9.627283 10.81681 11.1866 10.41883 10.85147 9.877741 10.55531 9.504029 9.095287 13.64112 11.30462 13.1442 11.29661 10.17695 11.8568 14.21478 17.35901 12.5498 10.06308 9.706878 10.93767 13.16238 11.14622 11.5322 10.74476 10.248 12.57815 11.71403 14.24858 11.93551 11.48927 12.3 11.26635 11.29619 10.51946 11.08675 12.51666 12.70821 11.1546 12.62978 11.79792 13.48398 13.13725 11.44989 14.01632 13.2428 14.32607 13.34286 13.7536 14.16165 11.80813 12.88204 14.41242 12.50327 12.57393 13.04463 13.28839 12.48581 14.99194 14.42321 14.84311 16.03279 16.9 15.60175
13.77831 14.54963 14.2129 11.68121 11.52035 11.05999 10.23402 10.29306 11.59206 11.4 10.13629 10.52509 10.52302 11.47536 12.6779 12.926 11.15376 11.11195 11.02325 10.38785 16.19911 13.8262 10.70753 15.22327 13.30597 11.84641 13.64653 13.561 12.24198 11.51035 12.77098 12.20895 13.41281 12.06358 10.86624 11.73978 11.84195 11.47228 11.13007 11.73956 12.34245 10.89985 9.583155 11.48921 12.33585 12.39831 12.97475 12.4041 13.3948 13.80397 12.93061 13.59762 14.71689 13.34321 11.73739 11.94752 13.66934 13.06142 14.21138 12.47564 14.02558 12.77525 14.7956 14.73952 13.33079 13.48072 16.06583 16.48095
