inst/extdata/envar/asc/bio5.asc
ncols         480
nrows         353
xllcorner     -1644588.35
yllcorner     1550510.45
cellsize      10000
NODATA_value  -9999
[rows 210 to 239 of 353, columns 0 to 67 of 480]
25.71409 29.97581 28.96523 25.13933 22.99094 23.54777 25.19762 20.55542 26.15377 21.72803 21.14255 16.30486 22.82067 18.12088 15.10744 20.05948 23.20654 27.9595 25.48823 23.33713 17.55648 17.60212 21.83595 27.09865 15.45847 14.08129 18.86959 16.92044 24.84784 23.77619 20.78265 18.2336 24.01128 26.81218 21.29545 16.54047 17.27841 12.32364 13.21889 13.93165 17.89396 18.14186 18.62331 22.62998 25.98234 24.95588 26.81966 29.14998 25.77935 21.63921 20.37244 22.8116 24.16581 26.44201 24.93159 26.81082 28.70864 27.42939 26.34857 27.16583 30.37245 30.87529 29.77703 27.62122 28.32199 30.76899 30.55465 31.8046
24.91367 30.23472 29.38894 29.11953 29.38596 29.38091 29.03681 23.91992 22.94208 28.27065 20.46205 23.52297 22.23542 17.57038 22.00502 23.84108 19.54547 27.59986 23.09016 23.43176 14.35251 21.13303 21.65372 24.15928 22.13744 20.51955 25.41704 20.0954 27.24067 27.87838 27.90514 23.54854 29.6963 27.30139 26.58253 20.84051 18.0484 14.43331 20.08813 21.56738 21.63688 23.47305 22.769 20.17926 24.79697 27.1173 30.08416 28.45939 26.52358 23.13822 18.5545 22.7887 23.89007 27.62681 23.31624 24.37766 23.24488 22.07261 27.62015 30.75403 29.12153 30.649 30.52254 30.96935 31.44622 32.3466 32.1 31.99733
30.40294 31.64122 31.78776 32.04122 31.5235 31.2 30.82198 29.94731 26.17886 29.26197 25.53578 27.46932 18.94791 18.37771 17.49802 22.42775 22.60966 29.83015 28.48982 22.80397 19.92689 24.34307 24.65264 29.87732 26.30421 20.31618 28.02428 18.05959 26.0195 26.07137 25.37795 29.18875 24.0549 19.74809 17.12814 15.82756 12.76938 16.22809 18.00843 25.35334 21.9928 25.05063 25.63644 21.3132 27.36124 27.36542 26.80465 27.93321 24.55755 20.74256 19.00575 25.48866 26.2035 27.44768 26.79231 23.92018 20.7652 26.36701 30.4793 31.47247 30.91002 31.68335 32.3 32.5 32.35024 32.00914 31.5 31.59364
32.68106 32.05237 32.08586 32 32.2 31.6 31.94114 31.37608 28.84694 28.48555 30.86493 24.88571 23.38421 18.14245 23.77348 26.75156 27.67358 30.9002 24.3823 23.19293 25.09787 24.67179 26.43416 22.23274 29.79155 23.06976 27.67328 26.37648 24.15473 26.99936 28.37066 23.72781 22.29118 19.70384 20.07853 20.5982 18.10328 15.72833 20.83266 20.07129 20.25331 22.03831 26.85348 28.48225 30.05475 28.55046 28.99267 27.84864 23.05185 22.95325 20.42985 22.87815 25.32529 28.74047 27.00443 26.10555 26.59811 30.2122 31.71141 32.32012 32.5 32.6 32.4 32.21757 31.36111 31.20983 31.10117 31.03935
32.7 32.3229 31.91374 32.1 31.86098 32 31.84045 32.02005 31.58506 31.48461 32.22844 29.75172 29.01568 24.00543 28.37274 29.23179 29.23975 30.25366 25.70648 29.69623 30.19419 28.64033 25.5311 20.49411 28.10498 27.4571 23.04304 24.38807 30.24866 30.34193 27.35831 24.52306 26.6229 23.53584 17.40132 24.92819 24.879 23.66988 21.53412 22.8355 24.06796 26.39785 27.25317 26.66481 28.87065 30.41754 28.65983 28.39196 24.97661 23.16955 24.01134 25.78744 24.17237 25.81425 28.02239 28.64439 31.20712 32.11222 32.2 32.22352 32.33979 32.4152 32.3 32.39068 31.59212 32.2 32 32
32.72867 32.55502 32.1 32.1 32.1 32 31.9 32.15811 32.3 32.1 32.4 32.19586 30.01802 27.98657 27.47465 29.58295 28.2245 29.51032 31.49916 31.7 31.5 32.10041 29.09421 29.38516 24.08569 30.80764 27.82557 27.74663 30.49501 26.62982 26.90204 27.13202 24.62427 24.32387 20.05201 23.78691 27.64278 23.93172 21.6171 20.18944 21.87565 22.71748 31.00542 30.23448 28.19529 28.12974 27.42021 25.29544 25.60172 25.79894 26.73022 27.84059 27.95692 30.24352 31.11537 31.67186 32.28695 32.5 31.9 31.99579 32.2 32.2 31.79597 31.4 32 31.9 31.91322 31.96548
33 32.737 32.5 32.4 32.2 32.1 32.1 32.1 32.2 32.2 32.15468 32.10862 31.92261 32.4 32.38539 32.10106 31.8 31.70396 31.64242 31.5 32.02099 32.4 31.21842 28.23425 27.79112 28.53545 28.42066 28.79041 28.91407 27.3283 28.22576 26.26922 26.97605 27.77361 28.47149 26.59846 25.9034 26.75212 25.14628 25.98676 29.62544 28.94696 31.86654 31.60859 31.88857 28.41445 29.69445 28.55823 28.04093 29.36563 26.74411 27.93265 28.19637 32.00697 31.63943 32.36499 32.3 32.2 32.09801 32.1 32.2 31.96322 31.62578 32.06403 32.23056 32.1 32 32
33.1 32.9 32.7 32.6 32.47585 32.3 32.2 32.133 32.1 32.1 32.3 32.29772 32.48787 32.20369 32.40386 32.5 32.33655 32.06989 32.2227 32 32.3 32.3 31.83057 31.4 31.59021 31.6 31.9 31.91446 31.76484 29.88825 31.16884 30.36185 30.70861 30.62371 31.2877 31.24783 30.6207 31.66705 31.45658 31.79032 31.75549 32.22366 32.58404 31.75159 32.3 31.57159 31.64232 31.17195 30.69967 30.50905 31.55684 30.94368 31.02328 31.20616 32.29847 32.4 32.3 32.1 32.3 32.2 32.14563 31.53616 32.1 32.3 32.2 32.19922 32 32
33.1 32.9 32.6 32.6 32.6 32.32679 32.05061 32.3 32.2 32.2 32.2 32.1 32.2 32.3 32.2 32.5 32.4 32.3 32.2 32.2 32.2 32.4 32.2 32.09064 31.8 31.65189 32 31.96382 32.0241 31.91607 31.9 31.9 32 31.8625 32 31.9506 32.1 32.2 32.3 32.4 32.4 32.5 32.66235 32.8 32.32882 32.65656 32.2669 32.29763 32.3698 32.29934 32.03474 32.19279 32.37491 32.58805 32.41712 32.39783 32 32 32.1 32.11654 31.57932 31.99282 32.3 32.3 32.3 32.2 32.1566 32.1
33 32.8 32.8 32.5 32.5 32.50557 32.3 32.4632 32.39229 32.3 32.3 32.2 32.1 32 32.1 32.17392 32.2 32.1 32.1 32.1 32.15502 32.22456 32.11601 31.79139 31.69633 31.7 31.8 32 31.89704 31.7 31.7 31.8 31.9 31.9 31.9 31.91533 32.1 32.2 32.3 32.4 32.5 32.6 32.7 32.7 32.44611 32.8 32.8 32.8 32.7 32.7 32.7 32.6 32.5 32.5 32.13369 31.8 31.74311 31.96103 31.77858 31.5 32.09272 32.3 32.5 32.4 32.3 32 32.1 31.77689
32.9 32.8 32.60082 32.7 32.4 32.30687 32.30049 32.57127 32.6 32.4 32.3 32.16809 32.2 32.1 32.1815 31.9 31.96954 31.93063 31.89867 31.7918 31.7636 31.40059 31.8 31.7 31.7 31.87943 31.8 31.82261 31.8 31.7 31.7 31.7 31.76135 31.8 31.9 31.9 32 32.2 32.3 32.43971 32.37845 32.42844 32.5 32.6 32.5 32.7 32.55204 32.46248 32.10921 31.74798 32.24216 32.16655 32.18987 31.68793 31.66839 31.7 31.92782 31.90217 31.89512 32.2 32.3 32.4 32.36291 32.34636 31.49923 31.48 31.79855 29.73553
33.11489 32.8 32.83677 32.8 32.6 32.2 32.7 32.39588 32.8 32.6 32.4 32.2 32.22245 32.2 32.1 31.9 32 31.9 31.5783 31.7879 31.85296 31.66961 31.76555 31.6 31.5 31.75051 31.6 31.7 31.68676 31.61153 31.61203 31.7 31.7 31.7 31.8 31.9 32.03045 32.1 31.89942 31.72867 31.57055 31.79583 31.8 31.9 31.89699 31.92255 32.0365 32.10787 32.3 32.36495 32.4 32.40419 32.3 32.5 32.4225 32.3 32.3 32.3 32.1 32.18224 32.2 32.1 32.19117 31.80271 31.19668 31.04133 30.78469 28.88436
33.11617 33.00624 33 32.8 32.8 32.5 32.9 32.4 32.60727 32.9 32.4 32.1 32.12806 32.2 32 31.82833 31.9 31.8038 31.48205 31.5 31.2183 31.52889 31.54532 31.4 31.42548 31.8 31.5 31.7 31.7 31.69892 31.6936 31.7 31.8 31.8 31.9 32 31.9135 31.22652 31.55018 31.70293 32.46402 32.56586 32.37459 32.6 32.7 32.7 29.66111 31.90422 31.53596 31.60959 31.20415 32.2248 31.67181 32.4 32.3 32.1298 32.28186 32.3 32.2 32.1 31.38973 31.42065 30.0904 30.47625 27.86041 28.73119 29.63064 27.74661
33.3 33.1 33.2 32.8 32.74471 32.7 32.90129 32.54417 32.5 32.6 32.5 32.1 32.28742 32.2 32.05685 32.07391 32 31.87146 31.6118 31.7 31.6 31.58118 31.48387 31.29731 31.3 31.02417 30.94885 31.27693 31.42587 31.64583 31.7 31.9 31.8592 31.88134 31.7969 31.31829 31.2 31.62499 32.1 32.10705 32.4 32.53617 32.5 32.5 32.6 31.9595 32.00819 29.65435 30.53381 30.20421 29.87333 30.25424 31.88276 32.4 32.4 32.3 32.4 32.3 31.62069 31.52207 31.10147 31.03837 30.60454 29.80418 29.87291 30.14582 28.37214 25.67218
33.63239 33.17682 33.3 33 32.9 32.9 32.8 33.00616 32.72356 32.75436 32.7 32.3 32.29672 32.5 32.67841 32.3 32.25245 32.21426 32.09494 31.9 31.52893 31.69413 31.7524 31.6 31.64509 31.6 31.7 31.55078 31.26248 31.10117 31.2511 31.69671 31.80389 31.18417 31.2 31.58965 32 32 32.21088 32.32256 32.3 32.4 32.5 32.6 31.78792 30.18319 31.19995 29.81855 30.16272 29.93347 30.804 30.75397 31.71828 32.21209 32.3 32.4 32.35317 31.11998 31.6 30.46297 30.41068 30.26228 28.29687 29.07034 28.14431 27.69143 23.43927 26.66095
33.60409 33.4 33.1 33 33.1 33.1 33 32.92676 33.04574 32.88063 32.6 32.70445 32.7805 32.8 32.5 32.52971 32.3 32.38583 31.64872 30.71161 31.7 31.6 31.7 31.63284 31.54515 31.7 31.7 31.7 31.78715 31.5967 31.55607 31.15145 31.59423 31.54353 31.57335 31.64308 32 32.2229 32.21503 32.23957 32.38765 32.4141 32.4 30.92211 30.50458 31.89461 32.42031 31.20033 29.22685 28.32707 28.50094 30.12991 31.14063 32 32.2 32.4 32.3 30.96572 30.93633 29.84942 28.23165 27.77189 29.17682 25.11637 28.40439 25.86449 22.95427 24.44575
33.6 33.34489 33.2 33.2 33.14396 33.21407 33.19929 33.23935 32.8 32.9 32.701 32.87944 32.85673 32.96297 33.1 32.65923 32.35992 32.0762 31.33016 31.70747 30.8892 31.46811 31.34153 31.00818 30.04634 31.5 31.53195 31.57693 31.01473 31.41902 31.4176 29.55444 29.55511 31.10289 30.40149 30.35721 31.185 30.92481 31.25205 30.55374 32.1 32.4 32.5 30.94786 32.44798 32.80918 32.66105 29.92355 29.24037 28.87538 27.91557 28.85087 31.07003 32.2163 32.38625 32.36802 30.02229 29.14897 30.06816 28.48623 26.90298 29.78011 27.28948 23.82627 26.43965 25.89541 21.77736 28.32533
33.91491 33.63757 33.68826 33.30886 33.49065 33.6 33.4 33.2 33.02594 32.9 32.91727 33 33.20397 33.2 33.08952 32.60135 32.0036 32.01391 31.13897 31.23072 31.53248 30.80235 30.30032 29.6942 29.46107 30.96181 31.07564 30.19872 30.96053 31.4 29.5868 29.27608 30.141 29.17621 28.73138 28.82844 28.85355 28.5638 29.42553 29.49068 31.71919 32.5 32.5937 32.7 32.7 32.7 32.63421 31.81945 30.91794 28.97106 27.55729 29.20559 32.16033 32.5 32.5 31.01215 30.94009 30.39233 29.12397 28.67815 27.3374 26.49545 24.25475 24.4658 22.50162 23.21006 26.07522 21.42924
34.68776 34.5 34.32162 33.35503 33.7 33.7 33.32007 33.3 33.1 33 33.31455 33.29575 33.5 33.3 33.4 32.06588 31.29582 30.01381 29.35577 31.40831 31.2 30.44013 30.2587 28.59496 27.90038 27.57825 27.77901 27.498 29.60702 29.47582 29.63456 28.76191 28.05589 28.22544 27.26875 28.01039 28.26374 27.93345 29.31542 29.44426 30.40099 31.71292 32.5 32.48586 32.7 32.7 32.56384 32.28252 31.54884 30.91907 29.79107 31.89609 32.39104 32.5 32.36507 30.92496 30.8794 25.79224 29.72962 28.33194 25.64208 24.34744 23.82595 25.20574 23.39169 25.49611 22.63301 23.52025
35 34.74276 34.28186 33.59584 33.5 33.7 33.7 33.6 33.3 33.2 33.46333 33.4 33.588 33.6 33.2166 33.21872 31.97165 29.25143 29.04159 30.77915 29.72996 30.47695 29.69973 28.44841 27.08861 25.92607 25.29007 24.87303 25.72279 25.7364 26.09032 27.44459 27.99932 27.83336 26.58476 26.83271 26.46217 27.3692 28.1068 28.86018 30.11751 30.23309 32.26967 32.6 32.7 32.56238 32.30275 31.79903 32.04663 32 32 31.9 32.5 32.45041 31.40171 30.32727 27.56774 27.14487 29.26081 27.5193 25.38528 22.32056 25.03127 24.7415 27.70708 23.33563 19.60082 22.97425
35.2 34.8 34.38852 34.18935 33.6 33.5 33.8 33.7 33.5 33.36261 33.73286 33.7 33.7 33.3 32.98006 32.8175 32.54123 25.02072 26.54593 29.55925 31.3 30.04334 30.07702 27.76484 26.73723 25.42265 24.73172 23.98759 23.50339 24.35261 23.75894 24.70954 26.512 26.5 26.86003 26.71136 27.59731 27.74017 27.10352 27.99955 28.82787 30.85569 31.90161 32.22777 32.65975 32.10828 31.71163 31.9 31.87293 31.89875 31.62307 32.1697 32.5 32.29022 30.92633 29.99708 27.01641 28.99642 28.63186 25.08742 22.80666 22.68751 23.37345 28.66926 26.76787 23.46943 20.6573 24.46426
34.8453 34.49419 34.16899 34.4 33.73726 33.50783 33.8 33.7 33.5 33.44037 33.92901 34 33.79192 33.4 33.23421 33.07224 33.08327 32.56454 30.52952 29.25767 28.01939 31.00049 30.36694 29.39602 28.47719 25.67978 24.25661 23.5 23.5 22.77485 22.96361 22.7693 23.91476 24.08132 25.44427 26.63506 25.91949 26.75408 27.45671 27.65162 28.37585 29.2038 31.47525 32.05594 32.0115 31.79964 32.34684 32 31.66625 31.7 32.11496 32.3 31.29723 30.62371 27.83017 27.67389 26.67467 28.70619 27.6261 25.29385 25.25822 26.6865 27.60052 27.50037 21.35748 19.18353 24.02162 23.19967
34.25047 34.2823 34.1 34.2 33.7 33.6 33.6 34 33.7 33.92503 33.99807 34 33.64317 33.3 33.27923 33.19073 32.90458 32.63743 32.87506 32.21585 31.65863 29.12884 30.32923 29.00997 28.74897 27.35939 24.44782 23.58839 23.3 23.14558 22.64469 22.63002 22.50502 22.78251 23.81633 24.95017 24.93731 25.25957 26.56831 27.03181 28.53024 30.05677 30.9084 31.64746 31.55233 31.13083 30.85608 30.70008 31.4 31.74331 31.57471 31.15607 30.69741 29.50265 26.05758 26.37359 26.89743 27.56136 26.51197 26.88461 24.16493 27.25547 27.77362 25.33765 21.06156 23.30229 19.05334 20.08982
34.44397 34.2 34.3 34.3359 33.8 33.7 33.8 34.04113 33.9 34.10661 34 33.8853 33.66228 33.2 33.29619 33.24122 33.26413 32.78189 32.60415 31.94042 32.23353 31.58396 29.11061 29.15121 29.6945 29.47179 25.7876 24.25857 23.38841 23.10769 23.04595 22.44804 23.12989 23.70665 24.00607 24.17689 25.11086 25.09892 26.13846 27.37865 28.30182 28.70971 30.83825 31.16911 31.79252 31.43558 31 30.46698 31.23961 30.97586 30.70055 29.65146 26.67732 22.4871 22.76081 25.06736 28.35716 24.08902 23.05442 27.82666 27.97311 29.71235 25.93768 27.38065 17.07849 17.92055 21.68869 27.19824
34.7 34.39068 34.63174 34.24693 33.9 33.9 34 34.09011 33.80171 34.30676 34.1 33.5 33.8 33.38097 33.1 33.1 33.3 33.16417 33 32.6554 32.5877 32.3803 31.57238 31.74109 30.89613 29.64149 29.56363 30.1478 27.56172 24.30969 25.69902 24.46335 28.18487 28.51783 27.94304 25.3 25.49396 25.87041 26.42974 27.38056 27.7942 27.08558 27.8791 30.16542 31.55413 31.40765 31.19374 30.28362 30.55582 29.69264 23.0546 25.85175 25.59108 23.15334 19.18277 21.31641 25.13339 23.60587 27.79915 25.5583 25.62706 24.19265 28.7388 22.14474 25.86143 22.40177 27.44806 31.58034
34.8 34.59813 34.47244 34.2 34.1 34.1 34.05844 34.23335 33.99924 34.3768 33.9497 33.57583 33.68443 33.61367 33.2 33 32.8 32.7 32.67508 32.4 32.4 32.2 32.17381 32 31.6 31.69646 31.95864 31.9 31.18178 30.95327 29.80817 30.20771 27.74884 27.78219 27.59099 27.63828 27.27602 27.26303 27.42875 26.02508 26.0459 26.3961 28.72065 29.57018 30.10285 31.09573 30.6 30.59783 28.93215 25.66707 25.19344 26.623 26.50262 27.1205 23.14746 24.12172 23.92829 23.04943 27.75105 27.20831 25.04824 20.12152 20.31446 28.41218 27.87796 30.8848 30.36875 32.13876
34.92999 34.55378 34.41357 34.2682 34.1976 34.1 34.1 34.2837 34 34.4 34.26763 33.69489 33.5 33.47818 33.37451 33.3 32.82583 32.6 32.59505 32.4 32.3 32.1 32.00045 32 31.9 31.7 31.7 31.74633 31.5 31.7 31.64746 31.7 31.6 31.77559 31.6345 30.98637 28.47718 28.45355 28.3868 28.22426 25.34017 25.83044 28.38389 28.65595 30.5217 30.55198 27.25964 25.22803 24.24881 26.75927 29.39785 25.41292 21.84541 25.30118 25.72608 26.62177 21.18688 26.34302 23.17003 27.58692 22.98959 24.07264 24.13653 25.90979 28.68178 31.0807 32.26528 32.13694
34.98209 34.7 34.52239 34.3 34.3 34.2301 34.2 34.28831 34.07778 34.34282 34.3 33.8 33.4 33.42801 33.33022 33.03017 33 32.67716 32.5 32.4 32.3 32.27887 32.2 32.2 32 31.8 31.8 31.61786 31.6 31.6 31.5 31.59336 31.40591 31.7 31.8 31.7 31.2197 29.08273 27.25611 27.36392 24.71079 26.51308 25.4936 27.17937 29.47845 28.1387 26.20362 28.27057 24.91181 27.00401 27.82311 23.39838 25.71237 22.60082 24.09767 22.53212 25.10912 26.15722 22.96001 25.68672 23.16371 27.91454 28.77085 24.14197 30.09931 32.50832 32.73223 32.35573
35.1 34.92145 34.7 34.5 34.37275 34.3 34.2 34.4 34.1 34.2 34.49809 33.73161 33.5 33.74002 33.52045 33 32.91815 32.9 32.5 32.5 32.5 32.39773 32.2 32.29115 32.1 31.9 31.9 31.7 31.6 31.6 31.6 31.7 31.38376 31.52531 31.78076 31.73399 31.8 31.88883 31.59008 28.82263 29.22685 30.38379 26.81185 28.844 26.9722 26.9094 26.72849 27.42065 30.15186 25.18319 27.23767 28.22054 21.01181 26.05654 26.55042 25.20677 24.65414 23.13985 24.85245 23.59485 22.1663 24.57187 22.49758 29.36825 32.31913 32.62625 32.96142 32.35133
35.2 35.3 35.18694 34.91655 34.55803 34.4 34.29752 34.3 34.2 34.4 34.72356 33.7542 33.48407 33.5 33.34394 33.07316 32.9 32.8 32.6 32.5 32.4 32.4 32.3 32.26102 32.1 32 31.9 31.89758 31.8 31.66214 31.7 31.6 31.6 31.6 31.6 31.7 31.78071 31.8 31.84347 32.02388 31.90339 31.9 31.60105 31.26073 29.35971 30.97864 30.33117 30.18518 28.8509 25.90145 27.43038 26.36938 23.31628 27.3491 28.52528 26.69559 26.04795 24.41021 22.17844 19.79341 19.86324 25.23404 25.00043 31.53257 33.06688 32.98662 32.5 32.19677
